              0.0000           1067.8209          63082.5937
              1.0000           1074.7457          64249.5297
              2.0000           1082.5064          65433.4615
              3.0000           1091.2828          66635.7947
              4.0000           1101.6718          67859.2437
              5.0000           1115.3920          69108.8631
              6.0000           1137.8057          70393.5561
              7.0000           1178.3002          71727.2838
              8.0000           1240.6223          73128.3988
              9.0000           1324.0076          74618.3419
             10.0000           1426.8528          76227.2830
             11.0000           1549.1859          78012.7473
             12.0000           1689.7828          80083.3889
             13.0000           1849.2001          82607.2931
             14.0000           2028.3490          85787.6577
             15.0000           2224.4930          89812.0124
             16.0000           2442.4751          94805.5776
             17.0000           2676.6206         100816.0697
             18.0000           2933.1225         107829.7019
             19.0000           3206.6785         115798.8509
             20.0000           3499.4354         124664.3119
             21.0000           3812.7703         134366.5206
             22.0000           4140.7454         144847.9783
             23.0000           4491.0663         156051.2137
             24.0000           4855.2935         167915.6720
             25.0000           5233.3383         180375.3721
             26.0000           5628.1719         193358.0238
             27.0000           6026.9713         206785.6353
             28.0000           6443.2309         220576.3126
             29.0000           6857.5113         234646.8145
             30.0000           7281.5719         248915.3804
             31.0000           7700.4647         263304.3752
             32.0000           8124.2295         277742.3552
             33.0000           8537.0560         292165.2783
             34.0000           8954.1474         306516.6995
             35.0000           9353.5488         320747.0417
             36.0000           9756.7290         334812.2754
             37.0000          10143.1113         348672.4180
             38.0000          10519.1482         362290.4692
             39.0000          10889.1812         375631.8741
             40.0000          11238.2438         388663.4347
             41.0000          11579.3892         401326.6609
             42.0000          11900.5388         413343.1896
             43.0000          12236.0037         426381.8597
             44.0000          12607.9199         440852.7313
             45.0000          12955.1988         454598.6318
             46.0000          13268.8549         467584.1705
             47.0000          13564.2177         479800.9351
             48.0000          13836.4518         491251.3259
             49.0000          14079.9155         501945.9400
             50.0000          14296.9525         511901.9452
             51.0000          14501.2289         521141.7190
             52.0000          14686.0798         529691.6581
             53.0000          14849.9421         537581.1418
             54.0000          14994.9341         544841.6429
             55.0000          15123.0339         551505.9783
             56.0000          15236.0668         557607.6870
             57.0000          15340.9139         563180.5245
             58.0000          15435.7642         568258.0550
             59.0000          15519.2882         572873.3308
             60.0000          15592.7931         577058.6398
