             0.00            11.46      55999994.10             5.90             0.00             0.00             0.00             0.00      56000000.00            17.36             0.00             9.71             1.94
             1.00            28.72      55999982.64            16.18             1.18             0.00             0.00             0.00      56000000.00            46.08             0.01             8.88             1.78
             2.00            67.66      55999953.92            41.66             4.30             0.12             0.00             0.00      56000000.00           113.74             0.04             8.12             1.62
             3.00           150.07      55999886.26           100.99            12.20             0.54             0.00             0.00      56000000.00           263.81             0.12             7.43             1.49
             4.00           314.15      55999736.19           230.86            31.18             1.75             0.01             0.01      55999999.99           577.96             0.31             6.80             1.36
             5.00           621.96      55999422.04           498.84            74.23             4.85             0.04             0.02      55999999.96          1199.92             0.74             6.23             1.25
             6.00          1167.23      55998800.08          1021.04           166.58            12.21             0.10             0.06      55999999.90          2367.15             1.67             5.72             1.14
             7.00          2081.14      55997632.85          1984.06           354.13            28.74             0.23             0.13      55999999.77          4448.29             3.54             5.24             1.05
             8.00          3533.43      55995551.71          3668.38           715.53            63.86             0.52             0.28      55999999.48          7981.72             7.16             4.82             0.96
             9.00          5725.84      55992018.28          6468.13          1377.65           134.84             1.09             0.57      55999998.91         13707.55            13.78             4.43             0.89
            10.00          8876.19      55986292.45         10900.34          2533.51           271.51             2.19             1.10      55999997.81         22583.74            25.34             4.07             0.81
            11.00         13193.15      55977416.26         17596.46          4460.23           522.83             4.22             2.03      55999995.78         35776.88            44.60             3.75             0.75
            12.00         18844.41      55964223.12         27270.32          7533.50           965.29             7.78             3.57      55999992.22         54621.30            75.33             3.46             0.69
            13.00         25923.36      55945378.70         40660.67         12234.21          1712.61            13.81             6.03      55999986.19         80544.66           122.34             3.19             0.64
            14.00         34420.51      55919455.34         58451.89         19142.92          2926.24            23.60             9.79      55999976.40        114965.17           191.43             2.94             0.59
            15.00         44206.02      55885034.83         81182.02         28919.01          4825.22            38.91            15.31      55999961.09        159171.19           289.19             2.72             0.55
            16.00         55027.63      55840828.81        109151.64         42263.51          7693.99            62.05            23.14      55999937.95        214198.82           422.64             2.52             0.51
            17.00         66525.38      55785801.18        142348.94         59867.49         11886.53            95.86            33.81      55999904.14        280724.19           598.67             2.34             0.47
            18.00         78261.28      55719275.81        180404.53         82350.53         17825.38           143.75            47.89      55999856.25        358985.47           823.51             2.17             0.44
            19.00         89759.19      55641014.53        222584.90        110196.38         25994.56           209.63            65.88      55999790.37        448744.66          1101.96             2.02             0.41
            20.00        100548.43      55551255.34        267827.11        143693.72         36926.04           297.79            88.16      55999702.21        549293.09          1436.94             1.88             0.38
            21.00        110204.68      55450706.91        314810.12        182889.77         51180.45           412.75           114.95      55999587.25        659497.78          1828.90             1.75             0.35
            22.00        118382.67      55340502.22        362052.78        227562.82         69323.12           559.06           146.31      55999440.94        777880.45          2275.63             1.63             0.33
            23.00        124837.27      55222119.55        408024.90        277217.10         91897.35           741.11           182.05      55999258.89        902717.72          2772.17             1.53             0.31
            24.00        129431.95      55097282.28        451257.19        331100.37        119397.29           962.88           221.77      55999037.12       1032149.67          3311.00             1.43             0.29
            25.00        132135.62      54967850.33        490437.70        388241.77        152242.44          1227.76           264.88      55998772.24       1164285.29          3882.42             1.35             0.27
            26.00        133010.30      54835714.71        524485.78        447505.13        190756.03          1538.36           310.59      55998461.64       1297295.59          4475.05             1.27             0.26
            27.00        132192.85      54702704.41        552598.92        507651.77        235148.54          1896.36           358.00      55998103.64       1429488.43          5076.52             1.20             0.24
            28.00        129874.01      54570511.57        574271.98        567406.38        285507.59          2302.48           406.12      55997697.52       1559362.44          5674.06             1.13             0.23
            29.00        126277.48      54440637.56        589291.60        625520.14        341794.30          2756.41           453.93      55997243.59       1685639.93          6255.20             1.07             0.22
            30.00        121641.09      54314360.07        597710.76        680826.44        403845.90          3256.82           500.42      55996743.18       1807281.01          6808.26             1.02             0.21
            31.00        116201.23      54192718.99        599809.69        732285.95        471383.88          3801.48           544.66      55996198.52       1923482.24          7322.86             0.97             0.20
            32.00        110181.18      54076517.76        596048.98        779019.29        544026.65          4387.31           585.83      55995612.69       2033663.42          7790.19             0.92             0.19
            33.00        103783.11      53966336.58        587020.37        820327.16        621305.37          5010.53           623.22      55994989.47       2137446.54          8203.27             0.88             0.18
            34.00         97183.45      53862553.46        573399.41        855698.52        702681.82          5666.79           656.26      55994333.21       2234629.99          8556.99             0.85             0.18
            35.00         90530.99      53765370.01        555902.98        884808.55        787567.11          6351.35           684.56      55993648.65       2325160.98          8848.09             0.81             0.17
            36.00         83947.08      53674839.02        535253.37        907508.29        875340.12          7059.19           707.85      55992940.81       2409108.06          9075.08             0.78             0.16
            37.00         77527.22      53590891.94        512149.78        923808.14        965364.94          7785.20           726.01      55992214.80       2486635.28          9238.08             0.76             0.16
            38.00         71343.61      53513364.72        487247.04        933857.28       1057006.71          8524.25           739.05      55991475.75       2557978.89          9338.57             0.73             0.15
            39.00         65448.10      53442021.11        461141.25        937920.96       1149645.35          9271.33           747.09      55990728.67       2623426.99          9379.21             0.71             0.15
            40.00         59875.32      53376573.01        434361.10        936357.11       1242687.11         10021.67           750.34      55989978.33       2683302.31          9363.57             0.69             0.14
            41.00         54645.69      53316697.69        407364.20        929593.62       1335573.74         10770.76           749.09      55989229.24       2737948.00          9295.94             0.67             0.14
            42.00         49768.27      53262052.00        380537.05        918107.10       1427789.42         11514.43           743.67      55988485.57       2787716.27          9181.07             0.65             0.14
            43.00         45243.17      53212283.73        354197.90        902403.80       1518865.65         12248.92           734.49      55987751.08       2832959.44          9024.04             0.64             0.13
            44.00         41063.79      53167040.56        328601.50        883003.00       1608384.11         12970.84           721.92      55987029.16       2874023.22          8830.03             0.62             0.13
            45.00         37218.53      53125976.78        303944.98        860423.00       1695978.00         13677.24           706.40      55986322.76       2911241.76          8604.23             0.61             0.13
            46.00         33692.37      53088758.24        280374.52        835169.69       1781331.96         14365.58           688.34      55985634.42       2944934.13          8351.70             0.60             0.13
            47.00         30468.00      53055065.87        257991.98        807727.63       1864180.80         15033.72           668.14      55984966.28       2975402.13          8077.28             0.59             0.12
            48.00         27526.79      53024597.87        236861.59        778553.26       1944307.38         15679.90           646.18      55984320.10       3002928.91          7785.53             0.58             0.12
            49.00         24849.51      52997071.09        217016.06        748070.25       2021539.86         16302.74           622.84      55983697.26       3027778.43          7480.70             0.57             0.12
            50.00         22416.92      52972221.57        198462.36        716666.44       2095748.43         16901.20           598.46      55983098.80       3050195.34          7166.66             0.56             0.12
            51.00         20210.10      52949804.66        181186.80        684692.27       2166841.74         17474.53           573.33      55982525.47       3070405.44          6846.92             0.56             0.12
            52.00         18210.82      52929594.56        165159.54        652460.40       2234763.22         18022.28           547.75      55981977.72       3088616.26          6524.60             0.55             0.12
            53.00         16401.67      52911383.74        150338.45        620246.27       2299487.29         18544.25           521.97      55981455.75       3105017.93          6202.46             0.55             0.12
            54.00         14766.25      52894982.07        136672.43        588289.33       2361015.72         19040.45           496.20      55980959.55       3119784.18          5882.89             0.54             0.11
            55.00         13289.16      52880215.82        124104.19        556794.88       2419374.02         19511.08           470.63      55980488.92       3133073.34          5567.95             0.54             0.11
            56.00         11956.10      52866926.66        112572.52        525936.23       2474608.07         19956.52           445.44      55980043.48       3145029.44          5259.36             0.53             0.11
            57.00         10753.82      52854970.56        102014.12        495857.11       2526780.95         20377.27           420.75      55979622.73       3155783.27          4958.57             0.53             0.11
            58.00          9670.12      52844216.73         92365.12        466674.23       2575969.97         20773.95           396.69      55979226.05       3165453.39          4666.74             0.52             0.11
            59.00          8693.79      52834546.61         83562.21        438479.83       2622264.05         21147.29           373.34      55978852.71       3174147.18          4384.80             0.52             0.11
            60.00          7814.58      52825852.82         75543.56        411344.29       2665761.25         21498.07           350.78      55978501.93       3181961.76          4113.44             0.52             0.11
            61.00          7023.14      52818038.24         68249.44        385318.57       2706566.61         21827.15           329.08      55978172.85       3188984.91          3853.19             0.51             0.11
            62.00          6310.94      52811015.09         61622.69        360436.60       2744790.21         22135.40           308.25      55977864.60       3195295.85          3604.37             0.51             0.11
            63.00          5670.24      52804704.15         55609.09        336717.48       2780545.52         22423.75           288.35      55977576.25       3200966.08          3367.17             0.51             0.11
            64.00          5094.00      52799033.92         50157.51        314167.55       2813947.89         22693.13           269.37      55977306.87       3206060.08          3141.68             0.51             0.11
            65.00          4575.87      52793939.92         45220.01        292782.30       2845113.31         22944.46           251.33      55977055.54       3210635.95          2927.82             0.51             0.11
            66.00          4110.06      52789364.05         40751.87        272548.07       2874157.32         23178.69           234.23      55976821.31       3214746.01          2725.48             0.50             0.11
            67.00          3691.39      52785253.99         36711.56        253443.64       2901194.09         23396.73           218.04      55976603.27       3218437.40          2534.44             0.50             0.11
            68.00          3315.12      52781562.60         33060.64        235441.58       2926335.70         23599.48           202.75      55976400.52       3221752.52          2354.42             0.50             0.11
            69.00          2977.03      52778247.48         29763.63        218509.55       2949691.50         23787.83           188.35      55976212.17       3224729.55          2185.10             0.50             0.11
            70.00          2673.26      52775270.45         26787.93        202611.33       2971367.65         23962.64           174.81      55976037.36       3227402.81          2026.11             0.50             0.11
            71.00          2400.37      52772597.19         24103.61        187707.78       2991466.69         24124.73           162.09      55975875.27       3229803.17          1877.08             0.50             0.11
            72.00          2155.23      52770196.83         21683.25        173757.72       3010087.30         24274.90           150.17      55975725.10       3231958.41          1737.58             0.50             0.11
            73.00          1935.06      52768041.59         19501.83        160718.60       3027324.07         24413.90           139.01      55975586.10       3233893.47          1607.19             0.50             0.11
            74.00          1737.31      52766106.53         17536.52        148547.11       3043267.36         24542.48           128.57      55975457.52       3235630.78          1485.47             0.50             0.11
            75.00          1559.72      52764369.22         15766.53        137199.70       3058003.23         24661.32           118.84      55975338.68       3237190.50          1372.00             0.49             0.10
            76.00          1400.24      52762809.50         14172.94        126633.04       3071613.44         24771.08           109.76      55975228.92       3238590.74          1266.33             0.49             0.10
            77.00          1257.04      52761409.26         12738.60        116804.32       3084175.44         24872.38           101.31      55975127.62       3239847.78          1168.04             0.49             0.10
            78.00          1128.45      52760152.22         11447.92        107671.61       3095762.42         24965.83            93.44      55975034.17       3240976.23          1076.72             0.49             0.10
            79.00          1013.00      52759023.77         10286.79         99194.03       3106443.45         25051.96            86.14      55974948.04       3241989.23           991.94             0.49             0.10
            80.00           909.34      52758010.77          9242.43         91331.99       3116283.50         25131.32            79.36      55974868.68       3242898.58           913.32             0.49             0.10
            81.00           816.28      52757101.42          8303.29         84047.28       3125343.63         25204.38            73.07      55974795.62       3243714.85           840.47             0.49             0.10
            82.00           732.72      52756285.15          7458.91         77303.21       3133681.12         25271.62            67.24      55974728.38       3244447.57           773.03             0.49             0.10
            83.00           657.71      52755552.43          6699.85         71064.67       3141349.60         25333.46            61.84      55974666.54       3245105.29           710.65             0.49             0.10
            84.00           590.37      52754894.71          6017.59         65298.17       3148399.21         25390.32            56.85      55974609.68       3245695.66           652.98             0.49             0.10
            85.00           529.92      52754304.34          5404.45         59971.87       3154876.79         25442.55            52.24      55974557.45       3246225.59           599.72             0.49             0.10
            86.00           475.66      52753774.41          4853.48         55055.57       3160826.00         25490.53            47.98      55974509.47       3246701.25           550.56             0.49             0.10
            87.00           426.95      52753298.75          4358.45         50520.71       3166287.51         25534.58            44.04      55974465.42       3247128.19           505.21             0.49             0.10
            88.00           383.22      52752871.81          3913.70         46340.33       3171299.17         25574.99            40.42      55974425.01       3247511.41           463.40             0.49             0.10
            89.00           343.97      52752488.59          3514.18         42489.04       3175896.13         25612.07            37.07      55974387.93       3247855.38           424.89             0.49             0.10
            90.00           308.73      52752144.62          3155.31         38942.97       3180111.04         25646.06            33.99      55974353.94       3248164.11           389.43             0.49             0.10
            91.00           277.11      52751835.89          2832.98         35679.74       3183974.18         25677.21            31.15      55974322.79       3248441.22           356.80             0.49             0.10
            92.00           248.72      52751558.78          2543.50         32678.36       3187513.61         25705.75            28.54      55974294.25       3248689.94           326.78             0.49             0.10
            93.00           223.24      52751310.06          2283.52         29919.22       3190755.31         25731.90            26.14      55974268.10       3248913.18           299.19             0.49             0.10
            94.00           200.37      52751086.82          2050.05         27384.00       3193723.29         25755.83            23.94      55974244.17       3249113.55           273.84             0.49             0.10
            95.00           179.84      52750886.45          1840.41         25055.61       3196439.79         25777.74            21.91      55974222.26       3249293.39           250.56             0.49             0.10
            96.00           161.41      52750706.61          1652.17         22918.13       3198925.30         25797.78            20.04      55974202.22       3249454.80           229.18             0.49             0.10
            97.00           144.87      52750545.20          1483.15         20956.75       3201198.78         25816.12            18.33      55974183.88       3249599.68           209.57             0.49             0.10
            98.00           130.03      52750400.32          1331.39         19157.71       3203277.69         25832.88            16.77      55974167.12       3249729.71           191.58             0.49             0.10
            99.00           116.71      52750270.29          1195.14         17508.22       3205178.14         25848.21            15.33      55974151.79       3249846.41           175.08             0.49             0.10
           100.00           104.75      52750153.59          1072.82         15996.42       3206914.95         25862.22            14.01      55974137.78       3249951.16           159.96             0.49             0.10
           101.00            94.01      52750048.84           963.00         14611.35       3208501.80         25875.01            12.80      55974124.99       3250045.17           146.11             0.49             0.10
           102.00            84.38      52749954.83           864.42         13342.81       3209951.24         25886.70            11.69      55974113.30       3250129.55           133.43             0.49             0.10
           103.00            75.73      52749870.45           775.91         12181.41       3211274.85         25897.38            10.67      55974102.62       3250205.29           121.81             0.49             0.10
           104.00            67.97      52749794.71           696.46         11118.45       3212483.25         25907.12             9.75      55974092.88       3250273.26           111.18             0.49             0.10
           105.00            61.01      52749726.74           625.14         10145.90       3213586.20         25916.02             8.89      55974083.98       3250334.26           101.46             0.49             0.10
           106.00            54.75      52749665.74           561.12          9256.34       3214592.67         25924.13             8.12      55974075.87       3250389.02            92.56             0.49             0.10
           107.00            49.14      52749610.98           503.65          8442.93       3215510.90         25931.54             7.41      55974068.46       3250438.16            84.43             0.49             0.10
           108.00            44.11      52749561.84           452.06          7699.37       3216348.44         25938.29             6.75      55974061.71       3250482.26            76.99             0.49             0.10
           109.00            39.59      52749517.74           405.76          7019.84       3217112.21         25944.45             6.16      55974055.55       3250521.85            70.20             0.49             0.10
           110.00            35.53      52749478.15           364.19          6399.01       3217808.58         25950.07             5.62      55974049.93       3250557.38            63.99             0.49             0.10
           111.00            31.89      52749442.62           326.88          5831.95       3218443.36         25955.19             5.12      55974044.81       3250589.27            58.32             0.49             0.10
           112.00            28.62      52749410.73           293.39          5314.13       3219021.89         25959.85             4.67      55974040.15       3250617.89            53.14             0.49             0.10
           113.00            25.69      52749382.11           263.33          4841.39       3219549.05         25964.11             4.25      55974035.89       3250643.57            48.41             0.49             0.10
           114.00            23.05      52749356.43           236.35          4409.92       3220029.32         25967.98             3.87      55974032.02       3250666.63            44.10             0.49             0.10
           115.00            20.69      52749333.37           212.14          4016.20       3220466.79         25971.51             3.53      55974028.49       3250687.32            40.16             0.49             0.10
           116.00            18.57      52749312.68           190.40          3657.01       3220865.19         25974.72             3.21      55974025.28       3250705.89            36.57             0.49             0.10
           117.00            16.67      52749294.11           170.89          3329.39       3221227.97         25977.64             2.93      55974022.36       3250722.56            33.29             0.49             0.10
           118.00            14.96      52749277.44           153.38          3030.63       3221558.24         25980.31             2.66      55974019.69       3250737.52            30.31             0.49             0.10
           119.00            13.43      52749262.48           137.66          2758.24       3221858.88         25982.73             2.42      55974017.27       3250750.94            27.58             0.49             0.10
           120.00            12.05      52749249.06           123.56          2509.95       3222132.50         25984.94             2.21      55974015.06       3250762.99            25.10             0.49             0.10
           121.00            10.81      52749237.01           110.90          2283.66       3222381.48         25986.95             2.01      55974013.05       3250773.81            22.84             0.49             0.10
           122.00             9.71      52749226.19            99.53          2077.48       3222608.02         25988.77             1.83      55974011.23       3250783.51            20.77             0.49             0.10
           123.00             8.71      52749216.49            89.33          1889.64       3222814.11         25990.44             1.66      55974009.56       3250792.23            18.90             0.49             0.10
           124.00             7.82      52749207.77            80.18          1718.54       3223001.56         25991.95             1.51      55974008.05       3250800.04            17.19             0.49             0.10
           125.00             7.02      52749199.96            71.96          1562.72       3223172.04         25993.32             1.37      55974006.68       3250807.06            15.63             0.49             0.10
           126.00             6.30      52749192.94            64.59          1420.84       3223327.06         25994.57             1.25      55974005.43       3250813.36            14.21             0.49             0.10
           127.00             5.65      52749186.64            57.97          1291.67       3223468.01         25995.71             1.14      55974004.29       3250819.01            12.92             0.49             0.10
           128.00             5.07      52749180.99            52.03          1174.10       3223596.14         25996.74             1.03      55974003.26       3250824.09            11.74             0.49             0.10
           129.00             4.55      52749175.91            46.69          1067.09       3223712.61         25997.68             0.94      55974002.32       3250828.64            10.67             0.49             0.10
           130.00             4.09      52749171.36            41.91           969.72       3223818.47         25998.54             0.85      55974001.46       3250832.73             9.70             0.49             0.10
           131.00             3.67      52749167.27            37.61           881.13       3223914.67         25999.31             0.78      55974000.69       3250836.39             8.81             0.49             0.10
           132.00             3.29      52749163.61            33.76           800.54       3224002.08         26000.02             0.70      55973999.98       3250839.68             8.01             0.49             0.10
           133.00             2.95      52749160.32            30.30           727.24       3224081.49         26000.66             0.64      55973999.34       3250842.64             7.27             0.49             0.10
           134.00             2.65      52749157.36            27.19           660.58       3224153.63         26001.24             0.58      55973998.76       3250845.29             6.61             0.49             0.10
           135.00             2.38      52749154.71            24.41           599.96       3224219.16         26001.77             0.53      55973998.23       3250847.67             6.00             0.49             0.10
           136.00             2.14      52749152.33            21.90           544.84       3224278.68         26002.25             0.48      55973997.75       3250849.81             5.45             0.49             0.10
           137.00             1.92      52749150.19            19.66           494.74       3224332.72         26002.68             0.44      55973997.32       3250851.72             4.95             0.49             0.10
           138.00             1.72      52749148.28            17.64           449.20       3224381.80         26003.08             0.40      55973996.92       3250853.44             4.49             0.49             0.10
           139.00             1.54      52749146.56            15.84           407.81       3224426.36         26003.44             0.36      55973996.56       3250854.99             4.08             0.49             0.10
           140.00             1.39      52749145.01            14.21           370.19       3224466.82         26003.76             0.33      55973996.24       3250856.37             3.70             0.49             0.10
           141.00             1.24      52749143.63            12.76           336.02       3224503.54         26004.06             0.30      55973995.94       3250857.62             3.36             0.49             0.10
           142.00             1.12      52749142.38            11.45           304.97       3224536.87         26004.33             0.27      55973995.67       3250858.73             3.05             0.49             0.10
           143.00             1.00      52749141.27            10.28           276.76       3224567.13         26004.57             0.24      55973995.43       3250859.74             2.77             0.49             0.10
           144.00             0.90      52749140.26             9.22           251.14       3224594.58         26004.80             0.22      55973995.20       3250860.64             2.51             0.49             0.10
           145.00             0.81      52749139.36             8.28           227.87       3224619.49         26005.00             0.20      55973995.00       3250861.44             2.28             0.49             0.10
           146.00             0.72      52749138.56             7.43           206.74       3224642.10         26005.18             0.18      55973994.82       3250862.17             2.07             0.49             0.10
           147.00             0.65      52749137.83             6.67           187.55       3224662.61         26005.34             0.17      55973994.66       3250862.82             1.88             0.49             0.10
           148.00             0.58      52749137.18             5.98           170.13       3224681.21         26005.49             0.15      55973994.51       3250863.40             1.70             0.49             0.10
           149.00             0.52      52749136.60             5.37           154.31       3224698.09         26005.63             0.14      55973994.37       3250863.92             1.54             0.49             0.10
           150.00             0.47      52749136.08             4.82           139.96       3224713.40         26005.75             0.12      55973994.25       3250864.39             1.40             0.49             0.10
           151.00             0.42      52749135.61             4.33           126.92       3224727.28         26005.87             0.11      55973994.13       3250864.82             1.27             0.49             0.10
           152.00             0.38      52749135.18             3.88           115.10       3224739.87         26005.97             0.10      55973994.03       3250865.20             1.15             0.49             0.10
           153.00             0.34      52749134.80             3.48           104.36       3224751.29         26006.06             0.09      55973993.94       3250865.53             1.04             0.49             0.10
           154.00             0.30      52749134.47             3.13            94.62       3224761.64         26006.14             0.08      55973993.86       3250865.84             0.95             0.49             0.10
           155.00             0.27      52749134.16             2.81            85.79       3224771.03         26006.22             0.08      55973993.78       3250866.11             0.86             0.49             0.10
           156.00             0.25      52749133.89             2.52            77.77       3224779.54         26006.29             0.07      55973993.71       3250866.36             0.78             0.49             0.10
           157.00             0.22      52749133.64             2.26            70.50       3224787.25         26006.35             0.06      55973993.65       3250866.58             0.70             0.49             0.10
           158.00             0.20      52749133.42             2.03            63.90       3224794.25         26006.41             0.06      55973993.59       3250866.78             0.64             0.49             0.10
           159.00             0.18      52749133.22             1.82            57.92       3224800.58         26006.46             0.05      55973993.54       3250866.96             0.58             0.49             0.10
           160.00             0.16      52749133.04             1.63            52.49       3224806.33         26006.50             0.05      55973993.50       3250867.11             0.52             0.49             0.10
           161.00             0.14      52749132.89             1.47            47.57       3224811.54         26006.54             0.04      55973993.46       3250867.26             0.48             0.49             0.10
           162.00             0.13      52749132.74             1.32            43.10       3224816.26         26006.58             0.04      55973993.42       3250867.39             0.43             0.49             0.10
           163.00             0.12      52749132.61             1.18            39.06       3224820.53         26006.62             0.03      55973993.38       3250867.50             0.39             0.49             0.10
           164.00             0.10      52749132.50             1.06            35.39       3224824.41         26006.65             0.03      55973993.35       3250867.60             0.35             0.49             0.10
           165.00             0.09      52749132.40             0.95            32.06       3224827.92         26006.68             0.03      55973993.32       3250867.70             0.32             0.49             0.10
           166.00             0.08      52749132.30             0.85            29.04       3224831.10         26006.70             0.03      55973993.30       3250867.78             0.29             0.49             0.10
           167.00             0.07      52749132.22             0.77            26.31       3224833.98         26006.73             0.02      55973993.27       3250867.86             0.26             0.49             0.10
           168.00             0.07      52749132.14             0.69            23.83       3224836.59         26006.75             0.02      55973993.25       3250867.92             0.24             0.49             0.10
           169.00             0.06      52749132.08             0.62            21.59       3224838.95         26006.77             0.02      55973993.23       3250867.98             0.22             0.49             0.10
           170.00             0.05      52749132.02             0.55            19.55       3224841.09         26006.78             0.02      55973993.22       3250868.04             0.20             0.49             0.10
           171.00             0.05      52749131.96             0.50            17.71       3224843.03         26006.80             0.02      55973993.20       3250868.09             0.18             0.49             0.10
           172.00             0.04      52749131.91             0.45            16.04       3224844.79         26006.81             0.01      55973993.19       3250868.13             0.16             0.49             0.10
           173.00             0.04      52749131.87             0.40            14.52       3224846.38         26006.83             0.01      55973993.17       3250868.17             0.15             0.49             0.10
           174.00             0.04      52749131.83             0.36            13.15       3224847.82         26006.84             0.01      55973993.16       3250868.20             0.13             0.49             0.10
           175.00             0.03      52749131.80             0.32            11.91       3224849.13         26006.85             0.01      55973993.15       3250868.23             0.12             0.49             0.10
           176.00             0.03      52749131.77             0.29            10.78       3224850.31         26006.86             0.01      55973993.14       3250868.26             0.11             0.49             0.10
           177.00             0.03      52749131.74             0.26             9.76       3224851.38         26006.87             0.01      55973993.13       3250868.29             0.10             0.49             0.10
           178.00             0.02      52749131.71             0.23             8.84       3224852.34         26006.87             0.01      55973993.13       3250868.31             0.09             0.49             0.10
           179.00             0.02      52749131.69             0.21             8.00       3224853.22         26006.88             0.01      55973993.12       3250868.33             0.08             0.49             0.10
           180.00             0.02      52749131.67             0.19             7.24       3224854.01         26006.89             0.01      55973993.11       3250868.35             0.07             0.49             0.10
           181.00             0.02      52749131.65             0.17             6.56       3224854.73         26006.89             0.01      55973993.11       3250868.37             0.07             0.49             0.10
           182.00             0.01      52749131.63             0.15             5.93       3224855.38         26006.90             0.01      55973993.10       3250868.38             0.06             0.49             0.10
           183.00             0.01      52749131.62             0.14             5.37       3224855.97         26006.90             0.00      55973993.10       3250868.39             0.05             0.49             0.10
           184.00             0.01      52749131.61             0.12             4.86       3224856.50         26006.91             0.00      55973993.09       3250868.41             0.05             0.49             0.10
           185.00             0.01      52749131.59             0.11             4.40       3224856.99         26006.91             0.00      55973993.09       3250868.42             0.04             0.49             0.10
           186.00             0.01      52749131.58             0.10             3.98       3224857.42         26006.91             0.00      55973993.09       3250868.43             0.04             0.49             0.10
           187.00             0.01      52749131.57             0.09             3.60       3224857.82         26006.92             0.00      55973993.08       3250868.44             0.04             0.49             0.10
           188.00             0.01      52749131.56             0.08             3.26       3224858.18         26006.92             0.00      55973993.08       3250868.44             0.03             0.49             0.10
           189.00             0.01      52749131.56             0.07             2.95       3224858.50         26006.92             0.00      55973993.08       3250868.45             0.03             0.49             0.10
           190.00             0.01      52749131.55             0.06             2.67       3224858.79         26006.93             0.00      55973993.07       3250868.46             0.03             0.49             0.10
           191.00             0.01      52749131.54             0.06             2.41       3224859.06         26006.93             0.00      55973993.07       3250868.46             0.02             0.49             0.10
           192.00             0.01      52749131.54             0.05             2.18       3224859.30         26006.93             0.00      55973993.07       3250868.47             0.02             0.49             0.10
           193.00             0.00      52749131.53             0.05             1.98       3224859.51         26006.93             0.00      55973993.07       3250868.47             0.02             0.49             0.10
           194.00             0.00      52749131.53             0.04             1.79       3224859.71         26006.93             0.00      55973993.07       3250868.48             0.02             0.49             0.10
           195.00             0.00      52749131.52             0.04             1.62       3224859.89         26006.93             0.00      55973993.07       3250868.48             0.02             0.49             0.10
           196.00             0.00      52749131.52             0.03             1.46       3224860.05         26006.94             0.00      55973993.06       3250868.48             0.01             0.49             0.10
           197.00             0.00      52749131.52             0.03             1.32       3224860.19         26006.94             0.00      55973993.06       3250868.48             0.01             0.49             0.10
           198.00             0.00      52749131.52             0.03             1.20       3224860.32         26006.94             0.00      55973993.06       3250868.49             0.01             0.49             0.10
           199.00             0.00      52749131.51             0.02             1.08       3224860.44         26006.94             0.00      55973993.06       3250868.49             0.01             0.49             0.10
