             0.00           242.86      55999805.71           194.29             0.00             0.00             0.00             0.00      56000000.00           437.14             0.00             6.25             1.25
             1.00           461.58      55999562.86           398.28            38.86             0.00             0.00             0.00      56000000.00           898.73             0.39             5.79             1.16
             2.00           838.75      55999101.27           780.21           114.63             3.85             0.03             0.03      55999999.97          1737.48             1.15             5.38             1.08
             3.00          1459.59      55998262.52          1462.92           259.21            15.23             0.12             0.09      55999999.88          3197.07             2.59             4.99             1.00
             4.00          2436.63      55996802.93          2629.93           525.87            40.94             0.33             0.21      55999999.67          5633.69             5.26             4.63             0.93
             5.00          3908.83      55994366.31          4540.57           999.27            93.11             0.75             0.42      55999999.25          9542.53             9.99             4.30             0.86
             6.00          6035.94      55990457.47          7541.29          1807.46           192.23             1.55             0.80      55999998.45         15578.47            18.07             4.00             0.80
             7.00          8987.03      55984421.53         12068.97          3134.97           371.53             3.00             1.45      55999997.00         24565.50            31.35             3.72             0.74
             8.00         12923.71      55975434.50         18642.21          5235.27           682.52             5.50             2.51      55999994.50         37489.21            52.35             3.47             0.69
             9.00         17979.32      55962510.79         27837.48          8440.18          1201.86             9.69             4.19      55999990.31         55468.53            84.40             3.23             0.65
            10.00         24236.88      55944531.47         40249.30         13163.66          2039.13            16.44             6.75      55999983.56         79705.41           131.64             3.01             0.60
            11.00         31709.24      55920294.59         56436.32         19897.15          3344.96            26.98            10.53      55999973.02        111414.65           198.97             2.81             0.56
            12.00         40324.83      55888585.35         76858.30         29194.70          5318.76            42.89            15.92      55999957.11        151739.49           291.95             2.62             0.53
            13.00         49922.07      55848260.51        101811.47         41646.89          8214.87            66.25            23.36      55999933.75        201661.56           416.47             2.45             0.49
            14.00         60253.81      55798338.44        131371.25         57844.50         12346.24            99.57            33.32      55999900.43        261915.37           578.44             2.29             0.46
            15.00         71001.93      55738084.63        165350.81         78334.30         18084.42           145.84            46.28      55999854.16        332917.29           783.34             2.15             0.43
            16.00         81800.22      55667082.71        203282.58        103571.03         25855.18           208.51            62.67      55999791.49        414717.51          1035.71             2.01             0.40
            17.00         92262.63      55585282.49        244426.28        133870.44         36129.43           291.37            82.86      55999708.63        506980.14          1338.70             1.89             0.38
            18.00        102013.11      55493019.86        287803.65        169368.65         49409.37           398.46           107.10      55999601.54        608993.26          1693.69             1.77             0.36
            19.00        110713.36      55391006.74        332256.04        209992.52         66210.74           533.96           135.49      55999466.04        719706.62          2099.93             1.67             0.34
            20.00        118085.30      55280293.38        376518.19        255444.47         87042.00           701.95           167.99      55999298.05        837791.92          2554.44             1.57             0.32
            21.00        123926.32      55162208.08        419299.85        305203.66        112382.09           906.31           204.36      55999093.69        961718.24          3052.04             1.48             0.30
            22.00        128116.43      55038281.76        459366.21        358543.27        142658.30          1150.47           244.16      55998849.53       1089834.68          3585.43             1.39             0.28
            23.00        130617.61      54910165.32        495609.40        414562.18        178225.79          1437.30           286.83      55998562.70       1220452.28          4145.62             1.32             0.27
            24.00        131466.70      54779547.72        527105.12        472227.84        219350.36          1768.95           331.65      55998231.05       1351918.98          4722.28             1.25             0.25
            25.00        130763.65      54648081.02        553150.79        530426.08        266195.36          2146.74           377.78      55997853.26       1482682.63          5304.26             1.18             0.24
            26.00        128657.00      54517317.37        573284.28        588013.64        318813.63          2571.08           424.34      55997428.92       1611339.63          5880.14             1.12             0.23
            27.00        125328.52      54388660.37        587284.43        643869.13        377144.58          3041.49           470.41      55996958.51       1736668.14          6438.69             1.07             0.22
            28.00        120978.51      54263331.86        595156.06        696939.10        441016.40          3556.58           515.10      55996443.42       1857646.65          6969.39             1.02             0.21
            29.00        115812.84      54142353.35        597103.36        746276.40        510152.76          4114.14           557.55      55995885.86       1973459.49          7462.76             0.97             0.20
            30.00        110032.38      54026540.51        593495.53        791069.43        584183.38          4711.16           597.02      55995288.84       2083491.87          7910.69             0.93             0.19
            31.00        103824.95      53916508.13        584828.80        830661.60        662657.46          5344.01           632.86      55994655.99       2187316.82          8306.62             0.89             0.18
            32.00         97359.93      53812683.18        571687.99        864561.20        745059.09          6008.54           664.53      55993991.46       2284676.76          8645.61             0.85             0.18
            33.00         90785.04      53715323.24        554710.33        892442.68        830823.57          6700.19           691.65      55993299.81       2375461.79          8924.43             0.82             0.17
            34.00         84225.05      53624538.21        534553.30        914140.47        919353.88          7414.14           713.95      55992585.86       2459686.84          9141.40             0.79             0.16
            35.00         77781.97      53540313.16        511867.69        929637.09       1010036.61          8145.46           731.31      55991854.54       2537468.81          9296.37             0.76             0.16
            36.00         71536.26      53462531.19        487276.11        939046.91       1102256.61          8889.17           743.71      55991110.83       2609005.07          9390.47             0.73             0.15
            37.00         65548.79      53390994.93        461357.15        942597.45       1195410.07          9640.40           751.24      55990359.60       2674553.86          9425.97             0.71             0.15
            38.00         59863.09      53325446.14        434634.51        940609.13       1288915.73         10394.48           754.08      55989605.52       2734416.95          9406.09             0.69             0.14
            39.00         54507.88      53265583.05        407570.70        933475.12       1382224.16         11146.97           752.49      55988853.03       2788924.82          9334.75             0.67             0.14
            40.00         49499.46      53211075.18        380564.44        921641.75       1474824.89         11893.75           746.78      55988106.25       2838424.29          9216.42             0.65             0.14
            41.00         44844.07      53161575.71        353951.01        905590.46       1566251.75         12631.06           737.31      55987368.94       2883268.35          9055.90             0.63             0.13
            42.00         40539.94      53116731.65        328004.88        885821.62       1656086.33         13355.53           724.47      55986644.47       2923808.29          8858.22             0.62             0.13
            43.00         36579.16      53076191.71        302943.84        862840.43       1743959.83         14064.19           708.66      55985935.81       2960387.45          8628.40             0.60             0.13
            44.00         32949.29      53039612.55        278934.23        837145.15       1829553.60         14754.46           690.27      55985245.54       2993336.74          8371.45             0.59             0.12
            45.00         29634.65      53006663.26        256096.67        809217.49       1912598.40         15424.18           669.72      55984575.82       3022971.39          8092.17             0.58             0.12
            46.00         26617.45      52977028.61        234511.99        779515.07       1992872.77         16071.55           647.37      55983928.45       3049588.84          7795.15             0.57             0.12
            47.00         23878.64      52950411.16        214227.04        748465.96       2070200.67         16695.17           623.61      55983304.83       3073467.48          7484.66             0.56             0.12
            48.00         21398.66      52926532.52        195260.28        716464.77       2144448.49         17293.94           598.77      55982706.06       3094866.14          7164.65             0.55             0.12
            49.00         19157.90      52905133.86        177606.88        683870.35       2215521.80         17867.11           573.17      55982132.89       3114024.04          6838.70             0.54             0.11
            50.00         17137.17      52885975.96        161243.41        651004.69       2283361.74         18414.21           547.10      55981585.79       3131161.21          6510.05             0.53             0.11
            51.00         15317.93      52868838.79        146131.89        618152.91       2347941.40         18935.01           520.80      55981064.99       3146479.15          6181.53             0.52             0.11
            52.00         13682.56      52853520.85        132223.45        585563.99       2409262.17         19429.53           494.52      55980570.47       3160161.70          5855.64             0.52             0.11
            53.00         12214.39      52839838.30        119461.31        553452.28       2467350.12         19897.98           468.45      55980102.02       3172376.10          5534.52             0.51             0.11
            54.00         10897.90      52827623.90        107783.45        521999.32       2522252.59         20340.75           442.76      55979659.25       3183273.99          5219.99             0.51             0.11
            55.00          9718.62      52816726.01         97124.65        491356.08       2574034.92         20758.35           417.60      55979241.65       3192992.61          4913.56             0.50             0.11
            56.00          8663.23      52807007.39         87418.34        461645.40       2622777.44         21151.43           393.08      55978848.57       3201655.85          4616.45             0.50             0.11
            57.00          7719.49      52798344.15         78597.91        432964.53       2668572.66         21520.75           369.32      55978479.25       3209375.34          4329.65             0.49             0.10
            58.00          6876.20      52790624.66         70597.82        405387.66       2711522.75         21867.12           346.37      55978132.88       3216251.54          4053.88             0.49             0.10
            59.00          6123.15      52783748.46         63354.45        378968.45       2751737.20         22191.43           324.31      55977808.57       3222374.69          3789.68             0.48             0.10
            60.00          5451.06      52777625.31         56806.71        353742.50       2789330.87         22494.60           303.17      55977505.40       3227825.75          3537.43             0.48             0.10
            61.00          4851.55      52772174.25         50896.43        329729.59       2824422.13         22777.60           282.99      55977222.40       3232677.30          3297.30             0.48             0.10
            62.00          4317.02      52767322.70         45568.70        306935.92       2857131.30         23041.38           263.78      55976958.62       3236994.32          3069.36             0.47             0.10
            63.00          3840.62      52763005.68         40771.98        285356.07       2887579.35         23286.93           245.55      55976713.07       3240834.94          2853.56             0.47             0.10
            64.00          3416.17      52759165.06         36458.20        264974.86       2915886.67         23515.22           228.28      55976484.78       3244251.11          2649.75             0.47             0.10
            65.00          3038.15      52755748.89         32582.73        245769.01       2942172.17         23727.19           211.98      55976272.81       3247289.26          2457.69             0.47             0.10
            66.00          2701.56      52752710.74         29104.33        227708.66       2966552.46         23923.81           196.62      55976076.19       3249990.82          2277.09             0.46             0.10
            67.00          2401.95      52750009.18         25985.03        210758.66       2989141.16         24105.98           182.17      55975894.02       3252392.78          2107.59             0.46             0.10
            68.00          2135.32      52747607.22         23189.98        194879.80       3010048.42         24274.58           168.61      55975725.42       3254528.09          1948.80             0.46             0.10
            69.00          1898.07      52745471.91         20687.30        180029.81       3029380.49         24430.49           155.90      55975569.51       3256426.17          1800.30             0.46             0.10
            70.00          1687.03      52743573.83         18447.91        166164.29       3047239.45         24574.51           144.02      55975425.49       3258113.20          1661.64             0.46             0.10
            71.00          1499.32      52741886.80         16445.36        153237.44       3063722.95         24707.44           132.93      55975292.56       3259612.51          1532.37             0.46             0.10
            72.00          1332.39      52740387.49         14655.61        141202.77       3078924.10         24830.03           122.59      55975169.97       3260944.90          1412.03             0.45             0.10
            73.00          1183.96      52739055.10         13056.87        130013.62       3092931.42         24943.00           112.96      55975057.00       3262128.86          1300.14             0.45             0.10
            74.00          1051.99      52737871.14         11629.46        119623.63       3105828.77         25047.01           104.01      55974952.99       3263180.86          1196.24             0.45             0.10
            75.00           934.68      52736819.14         10355.56        109987.16       3117695.43         25142.71            95.70      55974857.29       3264115.54          1099.87             0.45             0.10
            76.00           830.41      52735884.46          9219.13        101059.55       3128606.16         25230.69            87.99      55974769.31       3264945.95          1010.60             0.45             0.10
            77.00           737.73      52735054.05          8205.72         92797.42       3138631.27         25311.54            80.85      55974688.46       3265683.68           927.97             0.45             0.10
            78.00           655.37      52734316.32          7302.31         85158.83       3147836.77         25385.78            74.24      55974614.22       3266339.05           851.59             0.45             0.10
            79.00           582.18      52733660.95          6497.21         78103.40       3156284.53         25453.91            68.13      55974546.09       3266921.23           781.03             0.45             0.10
            80.00           517.14      52733078.77          5779.95         71592.51       3164032.38         25516.39            62.48      55974483.61       3267438.37           715.93             0.45             0.09
            81.00           459.35      52732561.63          5141.10         65589.25       3171134.36         25573.66            57.27      55974426.34       3267897.72           655.89             0.45             0.09
            82.00           408.01      52732102.28          4572.23         60058.54       3177640.81         25626.14            52.47      55974373.86       3268305.73           600.59             0.45             0.09
            83.00           362.40      52731694.27          4065.80         54967.13       3183598.62         25674.18            48.05      55974325.82       3268668.13           549.67             0.45             0.09
            84.00           321.87      52731331.87          3615.03         50283.58       3189051.36         25718.16            43.97      55974281.84       3268990.00           502.84             0.45             0.09
            85.00           285.87      52731010.00          3213.90         45978.23       3194039.49         25758.38            40.23      55974241.62       3269275.87           459.78             0.44             0.09
            86.00           253.90      52730724.13          2856.99         42023.18       3198600.53         25795.17            36.78      55974204.83       3269529.77           420.23             0.44             0.09
            87.00           225.49      52730470.23          2539.49         38392.26       3202769.23         25828.78            33.62      55974171.22       3269755.26           383.92             0.44             0.09
            88.00           200.26      52730244.74          2257.08         35060.94       3206577.74         25859.50            30.71      55974140.50       3269955.52           350.61             0.44             0.09
            89.00           177.85      52730044.48          2005.93         32006.26       3210055.79         25887.55            28.05      55974112.45       3270133.37           320.06             0.44             0.09
            90.00           157.94      52729866.63          1782.59         29206.82       3213230.81         25913.15            25.61      55974086.85       3270291.31           292.07             0.44             0.09
            91.00           140.26      52729708.69          1584.01         26642.65       3216128.13         25936.52            23.37      55974063.48       3270431.58           266.43             0.44             0.09
            92.00           124.56      52729568.42          1407.48         24295.19       3218771.08         25957.83            21.31      55974042.17       3270556.14           242.95             0.44             0.09
            93.00           110.62      52729443.86          1250.54         22147.17       3221181.16         25977.27            19.44      55974022.73       3270666.76           221.47             0.44             0.09
            94.00            98.23      52729333.24          1111.05         20182.56       3223378.16         25994.99            17.72      55974005.01       3270764.99           201.83             0.44             0.09
            95.00            87.23      52729235.01           987.07         18386.51       3225380.27         26011.13            16.15      55973988.87       3270852.22           183.87             0.44             0.09
            96.00            77.46      52729147.78           876.89         16745.28       3227204.21         26025.84            14.71      55973974.16       3270929.68           167.45             0.44             0.09
            97.00            68.79      52729070.32           778.97         15246.13       3228865.34         26039.24            13.40      55973960.76       3270998.47           152.46             0.44             0.09
            98.00            61.08      52729001.53           691.97         13877.31       3230377.76         26051.43            12.20      55973948.57       3271059.55           138.77             0.44             0.09
            99.00            54.24      52728940.45           614.66         12627.97       3231754.39         26062.54            11.10      55973937.46       3271113.79           126.28             0.44             0.09
           100.00            48.17      52728886.21           545.97         11488.10       3233007.08         26072.64            10.10      55973927.36       3271161.96           114.88             0.44             0.09
           101.00            42.77      52728838.04           484.94         10448.49       3234146.70         26081.83             9.19      55973918.17       3271204.73           104.48             0.44             0.09
           102.00            37.98      52728795.27           430.72          9500.63       3235183.19         26090.19             8.36      55973909.81       3271242.71            95.01             0.44             0.09
           103.00            33.72      52728757.29           382.56          8636.71       3236125.66         26097.79             7.60      55973902.21       3271276.43            86.37             0.44             0.09
           104.00            29.95      52728723.57           339.77          7849.55       3236982.42         26104.70             6.91      55973895.30       3271306.38            78.50             0.44             0.09
           105.00            26.59      52728693.62           301.76          7132.55       3237761.09         26110.98             6.28      55973889.02       3271332.97            71.33             0.44             0.09
           106.00            23.61      52728667.03           268.00          6479.65       3238468.64         26116.68             5.71      55973883.32       3271356.58            64.80             0.44             0.09
           107.00            20.97      52728643.42           238.01          5885.28       3239111.42         26121.87             5.18      55973878.13       3271377.55            58.85             0.44             0.09
           108.00            18.62      52728622.45           211.38          5344.36       3239695.24         26126.57             4.71      55973873.43       3271396.17            53.44             0.44             0.09
           109.00            16.53      52728603.83           187.72          4852.20       3240225.40         26130.85             4.28      55973869.15       3271412.70            48.52             0.44             0.09
           110.00            14.68      52728587.30           166.71          4404.52       3240706.74         26134.73             3.88      55973865.27       3271427.38            44.05             0.44             0.09
           111.00            13.03      52728572.62           148.05          3997.41       3241143.67         26138.26             3.52      55973861.74       3271440.41            39.97             0.44             0.09
           112.00            11.57      52728559.59           131.47          3627.28       3241540.21         26141.45             3.20      55973858.55       3271451.99            36.27             0.44             0.09
           113.00            10.28      52728548.01           116.75          3290.84       3241900.04         26144.36             2.90      55973855.64       3271462.26            32.91             0.44             0.09
           114.00             9.13      52728537.74           103.68          2985.11       3242226.49         26146.99             2.63      55973853.01       3271471.39            29.85             0.44             0.09
           115.00             8.10      52728528.61            92.07          2707.33       3242522.61         26149.38             2.39      55973850.62       3271479.49            27.07             0.44             0.09
           116.00             7.19      52728520.51            81.76          2455.01       3242791.18         26151.54             2.17      55973848.46       3271486.69            24.55             0.44             0.09
           117.00             6.39      52728513.31            72.60          2225.86       3243034.72         26153.51             1.96      55973846.49       3271493.08            22.26             0.44             0.09
           118.00             5.67      52728506.92            64.47          2017.80       3243255.52         26155.29             1.78      55973844.71       3271498.75            20.18             0.44             0.09
           119.00             5.04      52728501.25            57.25          1828.91       3243455.69         26156.90             1.61      55973843.10       3271503.79            18.29             0.44             0.09
           120.00             4.47      52728496.21            50.83          1657.47       3243637.12         26158.36             1.46      55973841.64       3271508.26            16.57             0.44             0.09
           121.00             3.97      52728491.74            45.14          1501.89       3243801.54         26159.69             1.33      55973840.31       3271512.23            15.02             0.44             0.09
           122.00             3.53      52728487.77            40.08          1360.73       3243950.53         26160.89             1.20      55973839.11       3271515.76            13.61             0.44             0.09
           123.00             3.13      52728484.24            35.59          1232.67       3244085.51         26161.98             1.09      55973838.02       3271518.89            12.33             0.44             0.09
           124.00             2.78      52728481.11            31.61          1116.52       3244207.79         26162.97             0.99      55973837.03       3271521.67            11.17             0.44             0.09
           125.00             2.47      52728478.33            28.06          1011.19       3244318.55         26163.86             0.89      55973836.14       3271524.14            10.11             0.44             0.09
           126.00             2.19      52728475.86            24.92           915.69       3244418.86         26164.67             0.81      55973835.33       3271526.33             9.16             0.44             0.09
           127.00             1.95      52728473.67            22.13           829.10       3244509.70         26165.40             0.73      55973834.60       3271528.27             8.29             0.44             0.09
           128.00             1.73      52728471.73            19.65           750.62       3244591.94         26166.06             0.66      55973833.94       3271530.00             7.51             0.44             0.09
           129.00             1.53      52728470.00            17.45           679.49       3244666.40         26166.66             0.60      55973833.34       3271531.54             6.79             0.44             0.09
           130.00             1.36      52728468.46            15.49           615.03       3244733.81         26167.21             0.54      55973832.79       3271532.90             6.15             0.44             0.09
           131.00             1.21      52728467.10            13.76           556.62       3244794.82         26167.70             0.49      55973832.30       3271534.11             5.57             0.44             0.09
           132.00             1.07      52728465.89            12.21           503.71       3244850.04         26168.15             0.45      55973831.85       3271535.18             5.04             0.44             0.09
           133.00             0.95      52728464.82            10.85           455.78       3244900.01         26168.55             0.40      55973831.45       3271536.14             4.56             0.44             0.09
           134.00             0.85      52728463.86             9.63           412.37       3244945.22         26168.91             0.36      55973831.09       3271536.98             4.12             0.44             0.09
           135.00             0.75      52728463.02             8.55           373.06       3244986.13         26169.24             0.33      55973830.76       3271537.74             3.73             0.44             0.09
           136.00             0.67      52728462.26             7.59           337.47       3245023.13         26169.54             0.30      55973830.46       3271538.40             3.37             0.44             0.09
           137.00             0.59      52728461.60             6.74           305.24       3245056.61         26169.81             0.27      55973830.19       3271539.00             3.05             0.44             0.09
           138.00             0.53      52728461.00             5.99           276.06       3245086.89         26170.06             0.24      55973829.94       3271539.52             2.76             0.44             0.09
           139.00             0.47      52728460.48             5.32           249.65       3245114.28         26170.28             0.22      55973829.72       3271539.99             2.50             0.44             0.09
           140.00             0.42      52728460.01             4.72           225.75       3245139.04         26170.48             0.20      55973829.52       3271540.40             2.26             0.44             0.09
           141.00             0.37      52728459.60             4.19           204.12       3245161.44         26170.66             0.18      55973829.34       3271540.77             2.04             0.44             0.09
           142.00             0.33      52728459.23             3.72           184.55       3245181.68         26170.82             0.16      55973829.18       3271541.10             1.85             0.44             0.09
           143.00             0.29      52728458.90             3.30           166.84       3245199.99         26170.97             0.15      55973829.03       3271541.39             1.67             0.44             0.09
           144.00             0.26      52728458.61             2.93           150.81       3245216.54         26171.10             0.13      55973828.90       3271541.65             1.51             0.44             0.09
           145.00             0.23      52728458.35             2.61           136.32       3245231.50         26171.22             0.12      55973828.78       3271541.88             1.36             0.44             0.09
           146.00             0.20      52728458.12             2.31           123.21       3245245.03         26171.33             0.11      55973828.67       3271542.08             1.23             0.44             0.09
           147.00             0.18      52728457.92             2.05           111.35       3245257.25         26171.43             0.10      55973828.57       3271542.26             1.11             0.44             0.09
           148.00             0.16      52728457.74             1.82           100.63       3245268.29         26171.52             0.09      55973828.48       3271542.42             1.01             0.44             0.09
           149.00             0.14      52728457.58             1.62            90.93       3245278.28         26171.60             0.08      55973828.40       3271542.56             0.91             0.44             0.09
           150.00             0.13      52728457.44             1.44            82.16       3245287.30         26171.67             0.07      55973828.33       3271542.69             0.82             0.44             0.09
           151.00             0.11      52728457.31             1.28            74.23       3245295.45         26171.74             0.07      55973828.26       3271542.80             0.74             0.44             0.09
           152.00             0.10      52728457.20             1.13            67.06       3245302.81         26171.80             0.06      55973828.20       3271542.90             0.67             0.44             0.09
           153.00             0.09      52728457.10             1.01            60.58       3245309.46         26171.85             0.05      55973828.15       3271542.99             0.61             0.44             0.09
           154.00             0.08      52728457.01             0.89            54.73       3245315.47         26171.90             0.05      55973828.10       3271543.07             0.55             0.44             0.09
           155.00             0.07      52728456.93             0.79            49.43       3245320.90         26171.94             0.04      55973828.06       3271543.14             0.49             0.44             0.09
           156.00             0.06      52728456.86             0.70            44.65       3245325.81         26171.98             0.04      55973828.02       3271543.20             0.45             0.44             0.09
           157.00             0.06      52728456.80             0.63            40.32       3245330.23         26172.02             0.04      55973827.98       3271543.26             0.40             0.44             0.09
           158.00             0.05      52728456.74             0.56            36.42       3245334.23         26172.05             0.03      55973827.95       3271543.31             0.36             0.44             0.09
           159.00             0.04      52728456.69             0.49            32.89       3245337.85         26172.08             0.03      55973827.92       3271543.35             0.33             0.44             0.09
           160.00             0.04      52728456.65             0.44            29.70       3245341.11         26172.11             0.03      55973827.89       3271543.39             0.30             0.44             0.09
           161.00             0.03      52728456.61             0.39            26.81       3245344.06         26172.13             0.02      55973827.87       3271543.42             0.27             0.44             0.09
           162.00             0.03      52728456.58             0.35            24.21       3245346.72         26172.15             0.02      55973827.85       3271543.45             0.24             0.44             0.09
           163.00             0.03      52728456.55             0.31            21.86       3245349.12         26172.17             0.02      55973827.83       3271543.48             0.22             0.44             0.09
           164.00             0.02      52728456.52             0.27            19.73       3245351.29         26172.19             0.02      55973827.81       3271543.50             0.20             0.44             0.09
           165.00             0.02      52728456.50             0.24            17.82       3245353.24         26172.20             0.02      55973827.80       3271543.52             0.18             0.44             0.09
           166.00             0.02      52728456.48             0.21            16.08       3245355.01         26172.22             0.01      55973827.78       3271543.54             0.16             0.44             0.09
           167.00             0.02      52728456.46             0.19            14.52       3245356.61         26172.23             0.01      55973827.77       3271543.56             0.15             0.44             0.09
           168.00             0.01      52728456.44             0.17            13.10       3245358.05         26172.24             0.01      55973827.76       3271543.58             0.13             0.44             0.09
           169.00             0.01      52728456.42             0.15            11.83       3245359.35         26172.25             0.01      55973827.75       3271543.59             0.12             0.44             0.09
           170.00             0.01      52728456.41             0.13            10.67       3245360.52         26172.26             0.01      55973827.74       3271543.60             0.11             0.44             0.09
           171.00             0.01      52728456.40             0.12             9.63       3245361.58         26172.27             0.01      55973827.73       3271543.61             0.10             0.44             0.09
           172.00             0.01      52728456.39             0.11             8.69       3245362.53         26172.28             0.01      55973827.72       3271543.62             0.09             0.44             0.09
           173.00             0.01      52728456.38             0.09             7.85       3245363.40         26172.29             0.01      55973827.71       3271543.63             0.08             0.44             0.09
           174.00             0.01      52728456.37             0.08             7.08       3245364.17         26172.29             0.01      55973827.71       3271543.64             0.07             0.44             0.09
           175.00             0.01      52728456.36             0.07             6.39       3245364.88         26172.30             0.01      55973827.70       3271543.64             0.06             0.44             0.09
           176.00             0.01      52728456.36             0.07             5.76       3245365.51         26172.30             0.01      55973827.70       3271543.65             0.06             0.44             0.09
           177.00             0.01      52728456.35             0.06             5.20       3245366.08         26172.31             0.00      55973827.69       3271543.65             0.05             0.44             0.09
           178.00             0.00      52728456.35             0.05             4.69       3245366.60         26172.31             0.00      55973827.69       3271543.66             0.05             0.44             0.09
           179.00             0.00      52728456.34             0.05             4.23       3245367.06         26172.32             0.00      55973827.68       3271543.66             0.04             0.44             0.09
           180.00             0.00      52728456.34             0.04             3.82       3245367.48         26172.32             0.00      55973827.68       3271543.66             0.04             0.44             0.09
           181.00             0.00      52728456.34             0.04             3.45       3245367.86         26172.32             0.00      55973827.68       3271543.67             0.03             0.44             0.09
           182.00             0.00      52728456.33             0.03             3.11       3245368.20         26172.32             0.00      55973827.68       3271543.67             0.03             0.44             0.09
           183.00             0.00      52728456.33             0.03             2.80       3245368.51         26172.33             0.00      55973827.67       3271543.67             0.03             0.44             0.09
           184.00             0.00      52728456.33             0.03             2.53       3245368.79         26172.33             0.00      55973827.67       3271543.68             0.03             0.44             0.09
           185.00             0.00      52728456.32             0.02             2.28       3245369.04         26172.33             0.00      55973827.67       3271543.68             0.02             0.44             0.09
           186.00             0.00      52728456.32             0.02             2.06       3245369.27         26172.33             0.00      55973827.67       3271543.68             0.02             0.44             0.09
           187.00             0.00      52728456.32             0.02             1.86       3245369.47         26172.33             0.00      55973827.67       3271543.68             0.02             0.44             0.09
           188.00             0.00      52728456.32             0.02             1.67       3245369.66         26172.34             0.00      55973827.66       3271543.68             0.02             0.44             0.09
           189.00             0.00      52728456.32             0.01             1.51       3245369.82         26172.34             0.00      55973827.66       3271543.68             0.02             0.44             0.09
           190.00             0.00      52728456.32             0.01             1.36       3245369.97         26172.34             0.00      55973827.66       3271543.68             0.01             0.44             0.09
           191.00             0.00      52728456.32             0.01             1.23       3245370.11         26172.34             0.00      55973827.66       3271543.69             0.01             0.44             0.09
           192.00             0.00      52728456.31             0.01             1.11       3245370.23         26172.34             0.00      55973827.66       3271543.69             0.01             0.44             0.09
           193.00             0.00      52728456.31             0.01             1.00       3245370.34         26172.34             0.00      55973827.66       3271543.69             0.01             0.44             0.09
           194.00             0.00      52728456.31             0.01             0.90       3245370.44         26172.34             0.00      55973827.66       3271543.69             0.01             0.44             0.09
           195.00             0.00      52728456.31             0.01             0.81       3245370.53         26172.34             0.00      55973827.66       3271543.69             0.01             0.44             0.09
           196.00             0.00      52728456.31             0.01             0.73       3245370.61         26172.34             0.00      55973827.66       3271543.69             0.01             0.44             0.09
           197.00             0.00      52728456.31             0.01             0.66       3245370.68         26172.34             0.00      55973827.66       3271543.69             0.01             0.44             0.09
           198.00             0.00      52728456.31             0.00             0.60       3245370.74         26172.34             0.00      55973827.66       3271543.69             0.01             0.44             0.09
           199.00             0.00      52728456.31             0.00             0.54       3245370.80         26172.35             0.00      55973827.65       3271543.69             0.01             0.44             0.09
