             0.00          3021.35     125990377.14          9622.86             0.00             0.00             0.00             0.00     126000000.00         12644.20             0.00             1.57             0.31
             1.00          3341.70     125987355.80         10719.63          1924.57             0.00             0.00             0.00     126000000.00         15985.90            19.25             1.56             0.31
             2.00          3688.65     125984014.10         11917.40          3876.04           190.92             1.54             1.54     125999998.46         19674.55            38.76             1.55             0.31
             3.00          4063.59     125980325.45         13222.57          5871.92           575.42             4.64             3.10     125999995.36         23738.14            58.72             1.54             0.31
             4.00          4467.86     125976261.86         14641.65          7929.24          1157.91             9.34             4.70     125999990.66         28206.00            79.29             1.53             0.31
             5.00          4902.79     125971794.00         16181.18         10064.65          1944.50            15.68             6.34     125999984.32         33108.79           100.65             1.51             0.30
             6.00          5369.68     125966891.21         17847.73         12294.42          2942.91            23.73             8.05     125999976.27         38478.47           122.94             1.50             0.30
             7.00          5869.77     125961521.53         19647.87         14634.52          4162.51            33.57             9.84     125999966.43         44348.24           146.35             1.49             0.30
             8.00          6404.24     125955651.76         21588.06         17100.64          5614.26            45.28            11.71     125999954.72         50752.48           171.01             1.48             0.30
             9.00          6974.20     125949247.52         23674.69         19708.19          7310.64            58.96            13.68     125999941.04         57726.68           197.08             1.47             0.29
            10.00          7580.68     125942273.32         25913.95         22472.31          9265.70            74.72            15.77     125999925.28         65307.36           224.72             1.46             0.29
            11.00          8224.59     125934692.64         28311.84         25407.87         11494.95            92.70            17.98     125999907.30         73531.95           254.08             1.45             0.29
            12.00          8906.75     125926468.05         30874.06         28529.45         14015.41           113.03            20.33     125999886.97         82438.70           285.29             1.44             0.29
            13.00          9627.85     125917561.30         33606.00         31851.32         16845.53           135.85            22.82     125999864.15         92066.55           318.51             1.43             0.29
            14.00         10388.45     125907933.45         36512.65         35387.39         20005.18           161.33            25.48     125999838.67        102455.00           353.87             1.42             0.28
            15.00         11188.93     125897545.00         39598.57         39151.18         23515.61           189.64            28.31     125999810.36        113643.93           391.51             1.41             0.28
            16.00         12029.55     125886356.07         42867.79         43155.77         27399.41           220.96            31.32     125999779.04        125673.49           431.56             1.40             0.28
            17.00         12910.37     125874326.51         46323.78         47413.75         31680.46           255.49            34.52     125999744.51        138583.86           474.14             1.39             0.28
            18.00         13831.28     125861416.14         49969.40         51937.14         36383.90           293.42            37.93     125999706.58        152415.14           519.37             1.38             0.28
            19.00         14791.96     125847584.86         53806.80         56737.30         41536.07           334.97            41.55     125999665.03        167207.10           567.37             1.37             0.28
            20.00         15791.91     125832792.90         57837.40         61824.93         47164.41           380.36            45.39     125999619.64        182999.01           618.25             1.37             0.27
            21.00         16830.40     125817000.99         62061.83         67209.92         53297.44           429.82            49.46     125999570.18        199829.41           672.10             1.36             0.27
            22.00         17906.50     125800170.59         66479.86         72901.29         59964.67           483.59            53.77     125999516.41        217735.90           729.01             1.35             0.27
            23.00         19019.04     125782264.10         71090.39         78907.14         67196.47           541.91            58.32     125999458.09        236754.94           789.07             1.34             0.27
            24.00         20166.64     125763245.06         75891.35         85234.50         75024.06           605.03            63.13     125999394.97        256921.58           852.34             1.33             0.27
            25.00         21347.70     125743078.42         80879.72         91889.32         83479.32           673.22            68.19     125999326.78        278269.28           918.89             1.32             0.26
            26.00         22560.36     125721730.72         86051.47         98876.33         92594.74           746.73            73.51     125999253.27        300829.64           988.76             1.31             0.26
            27.00         23802.56     125699170.36         91401.54        106198.99        102403.28           825.83            79.10     125999174.17        324632.20          1061.99             1.30             0.26
            28.00         25072.01     125675367.80         96923.79        113859.40        112938.22           910.79            84.96     125999089.21        349704.21          1138.59             1.29             0.26
            29.00         26366.20     125650295.79        102611.04        121858.22        124233.07          1001.88            91.09     125998998.12        376070.41          1218.58             1.28             0.26
            30.00         27682.41     125623929.59        108455.04        130194.61        136321.40          1099.37            97.49     125998900.63        403752.82          1301.95             1.28             0.26
            31.00         29017.71     125596247.18        114446.44        138866.15        149236.71          1203.52           104.16     125998796.48        432770.53          1388.66             1.27             0.25
            32.00         30368.97     125567229.47        120574.86        147868.82        163012.23          1314.61           111.09     125998685.39        463139.50          1478.69             1.26             0.25
            33.00         31732.91     125536860.50        126828.86        157196.91        177680.82          1432.91           118.30     125998567.09        494872.41          1571.97             1.25             0.25
            34.00         33106.04     125505127.59        133195.99        166842.99        193274.75          1558.67           125.76     125998441.33        527978.45          1668.43             1.24             0.25
            35.00         34484.75     125472021.55        139662.83        176797.89        209825.58          1692.14           133.47     125998307.86        562463.19          1767.98             1.23             0.25
            36.00         35865.28     125437536.81        146215.02        187050.67        227363.93          1833.58           141.44     125998166.42        598328.47          1870.51             1.23             0.25
            37.00         37243.75     125401671.53        152837.29        197588.61        245919.36          1983.22           149.64     125998016.78        635572.22          1975.89             1.22             0.24
            38.00         38616.20     125364427.78        159513.58        208397.20        265520.14          2141.29           158.07     125997858.71        674188.42          2083.97             1.21             0.24
            39.00         39978.58     125325811.58        166227.07        219460.20        286193.15          2308.01           166.72     125997691.99        714167.00          2194.60             1.20             0.24
            40.00         41326.78     125285833.00        172960.23        230759.59        307963.60          2483.58           175.57     125997516.42        755493.79          2307.60             1.19             0.24
            41.00         42656.68     125244506.21        179694.97        242275.68        330854.95          2668.19           184.61     125997331.81        798150.47          2422.76             1.19             0.24
            42.00         43964.14     125201849.53        186412.66        253987.11        354888.70          2862.01           193.82     125997137.99        842114.61          2539.87             1.18             0.24
            43.00         45245.01     125157885.39        193094.26        265870.93        380084.22          3065.20           203.19     125996934.80        887359.62          2658.71             1.17             0.24
            44.00         46495.23     125112640.38        199720.42        277902.69        406458.62          3277.89           212.70     125996722.11        933854.85          2779.03             1.16             0.23
            45.00         47710.77     125066145.15        206271.57        290056.50        434026.56          3500.21           222.32     125996499.79        981565.62          2900.57             1.16             0.23
            46.00         48887.68     125018434.38        212728.02        302305.17        462800.17          3732.26           232.05     125996267.74       1030453.29          3023.05             1.15             0.23
            47.00         50022.14     124969546.71        219070.09        314620.26        492788.84          3974.10           241.84     125996025.90       1080475.43          3146.20             1.14             0.23
            48.00         51110.46     124919524.57        225278.22        326972.25        523999.17          4225.80           251.70     125995774.20       1131585.89          3269.72             1.13             0.23
            49.00         52149.09     124868414.11        231333.03        339330.67        556434.82          4487.38           261.58     125995512.62       1183734.99          3393.31             1.13             0.23
            50.00         53134.68     124816265.01        237215.52        351664.21        590096.42          4758.84           271.46     125995241.16       1236869.66          3516.64             1.12             0.23
            51.00         54064.04     124763130.34        242907.09        363940.89        624981.51          5040.17           281.33     125994959.83       1290933.70          3639.41             1.11             0.22
            52.00         54934.21     124709066.30        248389.71        376128.22        661084.44          5331.33           291.15     125994668.67       1345867.91          3761.28             1.11             0.22
            53.00         55742.48     124654132.09        253645.98        388193.34        698396.36          5632.23           300.90     125994367.77       1401610.39          3881.93             1.10             0.22
            54.00         56486.35     124598389.61        258659.27        400103.20        736905.14          5942.78           310.55     125994057.22       1458096.74          4001.03             1.09             0.22
            55.00         57163.58     124541903.26        263413.76        411824.73        776595.38          6262.87           320.08     125993737.13       1515260.32          4118.25             1.09             0.22
            56.00         57772.22     124484739.68        267894.59        423325.01        817448.39          6592.33           329.46     125993407.67       1573032.55          4233.25             1.08             0.22
            57.00         58310.59     124426967.45        272087.89        434571.43        859442.24          6930.99           338.66     125993069.01       1631343.14          4345.71             1.07             0.22
            58.00         58777.28     124368656.86        275980.91        445531.87        902551.72          7278.64           347.66     125992721.36       1690120.42          4455.32             1.06             0.22
            59.00         59171.18     124309879.58        279562.01        456174.86        946748.48          7635.07           356.43     125992364.93       1749291.60          4561.75             1.06             0.21
            60.00         59491.48     124250708.40        282820.79        466469.78        992001.03          8000.01           364.94     125991999.99       1808783.08          4664.70             1.05             0.21
            61.00         59737.64     124191216.92        285748.11        476386.96       1038274.83          8373.18           373.18     125991626.82       1868520.71          4763.87             1.05             0.21
            62.00         59909.43     124131479.29        288336.12        485897.88       1085532.42          8754.29           381.11     125991245.71       1928430.14          4858.98             1.04             0.21
            63.00         60006.92     124071569.86        290578.33        494975.32       1133733.49          9143.01           388.72     125990856.99       1988437.07          4949.75             1.03             0.21
            64.00         60030.44     124011562.93        292469.59        503593.45       1182835.04          9538.99           395.98     125990461.01       2048467.51          5035.93             1.03             0.21
            65.00         59980.62     123951532.49        294006.11        511728.02       1232791.51          9941.87           402.87     125990058.13       2108448.13          5117.28             1.02             0.21
            66.00         59858.34     123891551.87        295185.51        519356.44       1283554.93         10351.25           409.38     125989648.75       2168306.48          5193.56             1.01             0.21
            67.00         59664.76     123831693.52        296006.75        526457.90       1335075.09         10766.73           415.49     125989233.27       2227971.23          5264.58             1.01             0.21
            68.00         59401.26     123772028.77        296470.16        533013.46       1387299.71         11187.90           421.17     125988812.10       2287372.49          5330.13             1.00             0.20
            69.00         59069.48     123712627.51        296577.39        539006.15       1440174.65         11614.31           426.41     125988385.69       2346441.98          5390.06             1.00             0.20
            70.00         58671.29     123653558.02        296331.39        544421.01       1493644.06         12045.52           431.20     125987954.48       2405113.26          5444.21             0.99             0.20
            71.00         58208.73     123594886.74        295736.40        549245.19       1547650.62         12481.05           435.54     125987518.95       2463321.99          5492.45             0.98             0.20
            72.00         57684.05     123536678.01        294797.85        553467.95       1602135.74         12920.45           439.40     125987079.55       2521006.04          5534.68             0.98             0.20
            73.00         57099.70     123478993.96        293522.33        557080.72       1657039.76         13363.22           442.77     125986636.78       2578105.74          5570.81             0.97             0.20
            74.00         56458.23     123421894.26        291917.56        560077.12       1712302.17         13808.89           445.66     125986191.11       2634563.97          5600.77             0.97             0.20
            75.00         55762.38     123365436.03        289992.28        562452.92       1767861.82         14256.95           448.06     125985743.05       2690326.36          5624.53             0.96             0.20
            76.00         55015.00     123309673.64        287756.21        564206.08       1823657.15         14706.91           449.96     125985293.09       2745341.35          5642.06             0.96             0.20
            77.00         54219.02     123254658.65        285219.96        565336.72       1879626.39         15158.28           451.36     125984841.72       2799560.37          5653.37             0.95             0.19
            78.00         53377.48     123200439.63        282394.99        565847.04       1935707.80         15610.55           452.27     125984389.45       2852937.85          5658.47             0.95             0.19
            79.00         52493.48     123147062.15        279293.47        565741.33       1991839.82         16063.22           452.68     125983936.78       2905431.32          5657.41             0.94             0.19
            80.00         51570.17     123094568.68        275928.25        565025.89       2047961.36         16515.82           452.59     125983484.18       2957001.49          5650.26             0.93             0.19
            81.00         50610.74     123042998.51        272312.77        563708.95       2104011.93         16967.84           452.02     125983032.16       3007612.23          5637.09             0.93             0.19
            82.00         49618.39     122992387.77        268460.95        561800.61       2159931.86         17418.81           450.97     125982581.19       3057230.62          5618.01             0.92             0.19
            83.00         48596.34     122942769.38        264387.16        559312.74       2215662.48         17868.25           449.44     125982131.75       3105826.96          5593.13             0.92             0.19
            84.00         47547.77     122894173.04        260106.06        556258.90       2271146.30         18315.70           447.45     125981684.30       3153374.73          5562.59             0.91             0.19
            85.00         46475.85     122846625.27        255632.62        552654.22       2326327.19         18760.70           445.01     125981239.30       3199850.57          5526.54             0.91             0.19
            86.00         45383.70     122800149.43        250981.94        548515.32       2381150.48         19202.83           442.12     125980797.17       3245234.28          5485.15             0.90             0.19
            87.00         44274.40     122754765.72        246169.25        543860.18       2435563.20         19641.64           438.81     125980358.36       3289508.68          5438.60             0.90             0.18
            88.00         43150.96     122710491.32        241209.81        538708.01       2489514.13         20076.73           435.09     125979923.27       3332659.64          5387.08             0.89             0.18
            89.00         42016.31     122667340.36        236118.81        533079.17       2542953.97         20507.69           430.97     125979492.31       3374675.95          5330.79             0.89             0.18
            90.00         40873.30     122625324.05        230911.36        526995.02       2595835.42         20934.16           426.46     125979065.84       3415549.25          5269.95             0.89             0.18
            91.00         39724.68     122584450.75        225602.39        520477.79       2648113.33         21355.75           421.60     125978644.25       3455273.93          5204.78             0.88             0.18
            92.00         38573.11     122544726.07        220206.59        513550.48       2699744.72         21772.13           416.38     125978227.87       3493847.04          5135.50             0.88             0.18
            93.00         37421.13     122506152.96        214738.38        506236.75       2750688.93         22182.98           410.84     125977817.02       3531268.17          5062.37             0.87             0.18
            94.00         36271.18     122468731.83        209211.83        498560.75       2800907.62         22587.96           404.99     125977412.04       3567539.35          4985.61             0.87             0.18
            95.00         35125.57     122432460.65        203640.64        490547.05       2850364.85         22986.81           398.85     125977013.19       3602664.92          4905.47             0.86             0.18
            96.00         33986.49     122397335.08        198038.08        482220.47       2899027.11         23379.25           392.44     125976620.75       3636651.41          4822.20             0.86             0.18
            97.00         32856.02     122363348.59        192416.96        473606.04       2946863.38         23765.03           385.78     125976234.97       3669507.42          4736.06             0.85             0.18
            98.00         31736.09     122330492.58        186789.58        464728.83       2993845.10         24143.91           378.88     125975856.09       3701243.51          4647.29             0.85             0.17
            99.00         30628.51     122298756.49        181167.75        455613.86       3039946.20         24515.70           371.78     125975484.30       3731872.02          4556.14             0.85             0.17
           100.00         29534.98     122268127.98        175562.71        446286.02       3085143.10         24880.19           364.49     125975119.81       3761407.00          4462.86             0.84             0.17
           101.00         28457.05     122238593.00        169985.15        436769.96       3129414.67         25237.22           357.03     125974762.78       3789864.05          4367.70             0.84             0.17
           102.00         27396.15     122210135.95        164445.17        427090.00       3172742.25         25586.63           349.42     125974413.37       3817260.20          4270.90             0.83             0.17
           103.00         26353.57     122182739.80        158952.29        417270.03       3215109.58         25928.30           341.67     125974071.70       3843613.77          4172.70             0.83             0.17
           104.00         25330.51     122156386.23        153515.40        407333.49       3256502.77         26262.12           333.82     125973737.88       3868944.28          4073.33             0.83             0.17
           105.00         24328.01     122131055.72        148142.83        397303.22       3296910.25         26587.99           325.87     125973412.01       3893272.29          3973.03             0.82             0.17
           106.00         23347.01     122106727.71        142842.27        387201.46       3336322.73         26905.83           317.84     125973094.17       3916619.30          3872.01             0.82             0.17
           107.00         22388.34     122083380.70        137620.82        377049.77       3374733.11         27215.59           309.76     125972784.41       3939007.64          3770.50             0.81             0.17
           108.00         21452.71     122060992.36        132485.00        366868.96       3412136.45         27517.23           301.64     125972482.77       3960460.35          3668.69             0.81             0.17
           109.00         20540.73     122039539.65        127440.71        356679.06       3448529.85         27810.72           293.50     125972189.28       3981001.08          3566.79             0.81             0.17
           110.00         19652.89     122018998.92        122493.30        346499.30       3483912.41         28096.07           285.34     125971903.93       4000653.97          3464.99             0.80             0.17
           111.00         18789.60     121999346.03        117647.53        336348.03       3518285.14         28373.27           277.20     125971626.73       4019443.57          3363.48             0.80             0.16
           112.00         17951.17     121980556.43        112907.62        326242.73       3551650.87         28642.35           269.08     125971357.65       4037394.74          3262.43             0.79             0.16
           113.00         17137.82     121962605.26        108277.27        316199.98       3584014.15         28903.34           260.99     125971096.66       4054532.56          3162.00             0.79             0.16
           114.00         16349.69     121945467.44        103759.64        306235.44       3615381.18         29156.30           252.96     125970843.70       4070882.25          3062.35             0.79             0.16
           115.00         15586.83     121929117.75         99357.40        296363.82       3645759.74         29401.29           244.99     125970598.71       4086469.07          2963.64             0.78             0.16
           116.00         14849.22     121913530.93         95072.74        286598.92       3675159.03         29638.38           237.09     125970361.62       4101318.29          2865.99             0.78             0.16
           117.00         14136.79     121898681.71         90907.41        276953.58       3703589.64         29867.66           229.28     125970132.34       4115455.08          2769.54             0.78             0.16
           118.00         13449.37     121884544.92         86862.72        267439.70       3731063.44         30089.22           221.56     125969910.78       4128904.45          2674.40             0.77             0.16
           119.00         12786.77     121871095.55         82939.55        258068.27       3757593.46         30303.17           213.95     125969696.83       4141691.22          2580.68             0.77             0.16
           120.00         12148.71     121858308.78         79138.41        248849.36       3783193.83         30509.63           206.45     125969490.37       4153839.94          2488.49             0.77             0.16
           121.00         11534.89     121846160.06         75459.44        239792.10       3807879.69         30708.71           199.08     125969291.29       4165374.83          2397.92             0.76             0.16
           122.00         10944.95     121834625.17         71902.45        230904.78       3831667.06         30900.54           191.83     125969099.46       4176319.78          2309.05             0.76             0.16
           123.00         10378.48     121823680.22         68466.91        222194.79       3854572.82         31085.26           184.72     125968914.74       4186698.26          2221.95             0.76             0.16
           124.00          9835.05     121813301.74         65152.01        213668.69       3876614.54         31263.02           177.76     125968736.98       4196533.32          2136.69             0.75             0.16
           125.00          9314.20     121803466.68         61956.66        205332.23       3897810.48         31433.96           170.93     125968566.04       4205847.51          2053.32             0.75             0.16
           126.00          8815.42     121794152.49         58879.53        197190.33       3918179.43         31598.22           164.27     125968401.78       4214662.93          1971.90             0.75             0.15
           127.00          8338.20     121785337.07         55919.04        189247.21       3937740.71         31755.97           157.75     125968244.03       4223001.13          1892.47             0.75             0.15
           128.00          7881.99     121776998.87         53073.43        181506.29       3956514.04         31907.37           151.40     125968092.63       4230883.12          1815.06             0.74             0.15
           129.00          7446.23     121769116.88         50340.73        173970.35       3974519.46         32052.58           145.21     125967947.42       4238329.35          1739.70             0.74             0.15
           130.00          7030.36     121761670.65         47718.82        166641.46       3991777.32         32191.75           139.18     125967808.25       4245359.71          1666.41             0.74             0.15
           131.00          6633.78     121754640.29         45205.42        159521.08       4008308.15         32325.07           133.31     125967674.93       4251993.49          1595.21             0.73             0.15
           132.00          6255.91     121748006.51         42798.11        152610.05       4024132.64         32452.68           127.62     125967547.32       4258249.40          1526.10             0.73             0.15
           133.00          5896.14     121741750.60         40494.40        145908.67       4039271.56         32574.77           122.09     125967425.23       4264145.54          1459.09             0.73             0.15
           134.00          5553.87     121735854.46         38291.66        139416.68       4053745.70         32691.50           116.73     125967308.50       4269699.41          1394.17             0.73             0.15
           135.00          5228.50     121730300.59         36187.19        133133.35       4067575.84         32803.03           111.53     125967196.97       4274927.90          1331.33             0.72             0.15
           136.00          4919.42     121725072.10         34178.25        127057.45       4080782.66         32909.54           106.51     125967090.46       4279847.32          1270.57             0.72             0.15
           137.00          4626.04     121720152.68         32262.02        121187.36       4093386.76         33011.18           101.65     125966988.82       4284473.36          1211.87             0.72             0.15
           138.00          4347.76     121715526.64         30435.66        115521.02       4105408.55         33108.13            96.95     125966891.87       4288821.12          1155.21             0.71             0.15
           139.00          4084.00     121711178.88         28696.29        110056.05       4116868.23         33200.55            92.42     125966799.45       4292905.12          1100.56             0.71             0.15
           140.00          3834.17     121707094.88         27041.03        104789.70       4127785.79         33288.60            88.04     125966711.40       4296739.29          1047.90             0.71             0.15
           141.00          3597.70     121703260.71         25466.99         99718.94       4138180.93         33372.43            83.83     125966627.57       4300337.00           997.19             0.71             0.15
           142.00          3374.04     121699663.00         23971.30         94840.44       4148073.05         33452.20            79.78     125966547.80       4303711.03           948.40             0.70             0.15
           143.00          3162.62     121696288.97         22551.08         90150.66       4157481.22         33528.07            75.87     125966471.93       4306873.66           901.51             0.70             0.15
           144.00          2962.92     121693126.34         21203.48         85645.81       4166424.17         33600.19            72.12     125966399.81       4309836.58           856.46             0.70             0.14
           145.00          2774.41     121690163.42         19925.71         81321.92       4174920.23         33668.71            68.52     125966331.29       4312610.98           813.22             0.70             0.14
           146.00          2596.57     121687389.02         18714.97         77174.87       4182987.37         33733.77            65.06     125966266.23       4315207.56           771.75             0.69             0.14
           147.00          2428.92     121684792.44         17568.55         73200.38       4190643.12         33795.51            61.74     125966204.49       4317636.47           732.00             0.69             0.14
           148.00          2270.96     121682363.53         16483.76         69394.05       4197904.59         33854.07            58.56     125966145.93       4319907.43           693.94             0.69             0.14
           149.00          2122.23     121680092.57         15457.97         65751.40       4204788.48         33909.58            55.52     125966090.42       4322029.66           657.51             0.69             0.14
           150.00          1982.28     121677970.34         14488.60         62267.85       4211311.02         33962.19            52.60     125966037.81       4324011.94           622.68             0.68             0.14
           151.00          1850.66     121675988.06         13573.16         58938.79       4217487.99         34012.00            49.81     125965988.00       4325862.60           589.39             0.68             0.14
           152.00          1726.96     121674137.40         12709.19         55759.54       4223334.72         34059.15            47.15     125965940.85       4327589.56           557.60             0.68             0.14
           153.00          1610.77     121672410.44         11894.31         52725.42       4228866.07         34103.76            44.61     125965896.24       4329200.33           527.25             0.68             0.14
           154.00          1501.69     121670799.67         11126.22         49831.74       4234096.43         34145.94            42.18     125965854.06       4330702.02           498.32             0.67             0.14
           155.00          1399.36     121669297.98         10402.67         47073.81       4239039.74         34185.80            39.87     125965814.20       4332101.38           470.74             0.67             0.14
           156.00          1303.40     121667898.62          9721.49         44446.97       4243709.46         34223.46            37.66     125965776.54       4333404.78           444.47             0.67             0.14
           157.00          1213.47     121666595.22          9080.59         41946.57       4248118.60         34259.02            35.56     125965740.98       4334618.24           419.47             0.67             0.14
           158.00          1129.24     121665381.76          8477.94         39568.03       4252279.70         34292.58            33.56     125965707.42       4335747.48           395.68             0.67             0.14
           159.00          1050.39     121664252.52          7911.59         37306.81       4256204.85         34324.23            31.65     125965675.77       4336797.87           373.07             0.66             0.14
           160.00           976.61     121663202.13          7379.66         35158.45       4259905.68         34354.08            29.85     125965645.92       4337774.48           351.58             0.66             0.14
           161.00           907.62     121662225.52          6880.34         33118.54       4263393.40         34382.20            28.13     125965617.80       4338682.10           331.19             0.66             0.14
           162.00           843.15     121661317.90          6411.89         31182.75       4266678.76         34408.70            26.49     125965591.30       4339525.25           311.83             0.66             0.14
           163.00           782.92     121660474.75          5972.66         29346.85       4269772.09         34433.65            24.95     125965566.35       4340308.17           293.47             0.66             0.14
           164.00           726.68     121659691.83          5561.05         27606.70       4272683.30         34457.12            23.48     125965542.88       4341034.85           276.07             0.65             0.14
           165.00           674.21     121658965.15          5175.52         25958.24       4275421.88         34479.21            22.09     125965520.79       4341709.06           259.58             0.65             0.13
           166.00           625.26     121658290.94          4814.62         24397.52       4277996.94         34499.98            20.77     125965500.02       4342334.31           243.98             0.65             0.13
           167.00           579.63     121657665.69          4476.96         22920.69       4280417.17         34519.49            19.52     125965480.51       4342913.94           229.21             0.65             0.13
           168.00           537.11     121657086.06          4161.19         21524.01       4282690.91         34537.83            18.34     125965462.17       4343451.06           215.24             0.65             0.13
           169.00           497.51     121656548.94          3866.07         20203.85       4284826.09         34555.05            17.22     125965444.95       4343948.57           202.04             0.64             0.13
           170.00           460.65     121656051.43          3590.37         18956.68       4286830.31         34571.21            16.16     125965428.79       4344409.22           189.57             0.64             0.13
           171.00           426.35     121655590.78          3332.95         17779.09       4288710.81         34586.38            15.17     125965413.62       4344835.57           177.79             0.64             0.13
           172.00           394.46     121655164.43          3092.71         16667.77       4290474.50         34600.60            14.22     125965399.40       4345230.03           166.68             0.64             0.13
           173.00           364.80     121654769.97          2868.62         15619.53       4292127.94         34613.94            13.33     125965386.06       4345594.83           156.20             0.64             0.13
           174.00           337.25     121654405.17          2659.70         14631.30       4293677.40         34626.43            12.50     125965373.57       4345932.08           146.31             0.63             0.13
           175.00           311.66     121654067.92          2465.01         13700.11       4295128.82         34638.14            11.71     125965361.86       4346243.75           137.00             0.63             0.13
           176.00           287.91     121653756.25          2283.67         12823.10       4296487.87         34649.10            10.96     125965350.90       4346531.66           128.23             0.63             0.13
           177.00           265.87     121653468.34          2114.85         11997.53       4297759.93         34659.35            10.26     125965340.65       4346797.52           119.98             0.63             0.13
           178.00           245.42     121653202.48          1957.74         11220.75       4298950.08         34668.95             9.60     125965331.05       4347042.94           112.21             0.63             0.13
           179.00           226.47     121652957.06          1811.62         10490.22       4300063.18         34677.93             8.98     125965322.07       4347269.41           104.90             0.63             0.13
           180.00           208.90     121652730.59          1675.76          9803.52       4301103.81         34686.32             8.39     125965313.68       4347478.31            98.04             0.62             0.13
           181.00           192.63     121652521.69          1549.51          9158.32       4302076.32         34694.16             7.84     125965305.84       4347670.94            91.58             0.62             0.13
           182.00           177.56     121652329.06          1432.24          8552.39       4302984.82         34701.49             7.33     125965298.51       4347848.51            85.52             0.62             0.13
           183.00           163.62     121652151.49          1323.35          7983.60       4303833.22         34708.33             6.84     125965291.67       4348012.12            79.84             0.62             0.13
           184.00           150.72     121651987.88          1222.30          7449.91       4304625.19         34714.72             6.39     125965285.28       4348162.84            74.50             0.62             0.13
           185.00           138.78     121651837.16          1128.56          6949.38       4305364.22         34720.68             5.96     125965279.32       4348301.62            69.49             0.61             0.13
           186.00           127.75     121651698.38          1041.63          6480.15       4306053.60         34726.24             5.56     125965273.76       4348429.38            64.80             0.61             0.13
           187.00           117.56     121651570.62           961.06          6040.46       4306696.43         34731.42             5.18     125965268.58       4348546.94            60.40             0.61             0.13
           188.00           108.15     121651453.06           886.41          5628.63       4307295.65         34736.26             4.83     125965263.74       4348655.09            56.29             0.61             0.13
           189.00            99.45     121651344.91           817.27          5243.05       4307854.01         34740.76             4.50     125965259.24       4348754.54            52.43             0.61             0.13
           190.00            91.43     121651245.46           753.27          4882.20       4308374.12         34744.95             4.19     125965255.05       4348845.97            48.82             0.61             0.13
           191.00            84.02     121651154.03           694.04          4544.63       4308858.43         34748.86             3.91     125965251.14       4348929.99            45.45             0.61             0.13
           192.00            77.19     121651070.01           639.26          4228.98       4309309.26         34752.49             3.64     125965247.51       4349007.18            42.29             0.60             0.13
           193.00            70.90     121650992.82           588.60          3933.93       4309728.77         34755.88             3.38     125965244.12       4349078.08            39.34             0.60             0.12
           194.00            65.10     121650921.92           541.78          3658.26       4310119.02         34759.02             3.15     125965240.98       4349143.18            36.58             0.60             0.12
           195.00            59.75     121650856.82           498.52          3400.79       4310481.92         34761.95             2.93     125965238.05       4349202.92            34.01             0.60             0.12
           196.00            54.82     121650797.08           458.56          3160.41       4310819.28         34764.67             2.72     125965235.33       4349257.75            31.60             0.60             0.12
           197.00            50.29     121650742.25           421.67          2936.08       4311132.79         34767.20             2.53     125965232.80       4349308.04            29.36             0.60             0.12
           198.00            46.12     121650691.96           387.63          2726.81       4311424.05         34769.55             2.35     125965230.45       4349354.16            27.27             0.59             0.12
           199.00            42.28     121650645.84           356.22          2531.66       4311694.55         34771.73             2.18     125965228.27       4349396.44            25.32             0.59             0.12
