             0.00          1419.71     125995984.86          4015.14             0.00             0.00             0.00             0.00     126000000.00          5434.85             0.00             1.77             0.35
             1.00          1619.76     125994565.15          4631.82           803.03             0.00             0.00             0.00     126000000.00          7054.61             8.03             1.75             0.35
             2.00          1841.89     125992945.39          5325.22          1649.09            79.66             0.64             0.64     125999999.36          8896.50            16.49             1.73             0.35
             3.00          2087.66     125991103.50          6102.06          2549.22           243.25             1.96             1.32     125999998.04         10984.16            25.49             1.71             0.34
             4.00          2358.63     125989015.84          6969.31          3514.72           496.13             4.00             2.04     125999996.00         13342.79            35.15             1.69             0.34
             5.00          2656.33     125986657.21          7934.08          4557.11           844.79             6.81             2.81     125999993.19         15999.12            45.57             1.67             0.33
             6.00          2982.25     125984000.88          9003.59          5688.21          1296.86            10.46             3.65     125999989.54         18981.37            56.88             1.66             0.33
             7.00          3337.86     125981018.63         10185.13          6920.11          1861.13            15.01             4.55     125999984.99         22319.23            69.20             1.64             0.33
             8.00          3724.52     125977680.77         11485.96          8265.12          2547.60            20.55             5.54     125999979.45         26043.76            82.65             1.62             0.32
             9.00          4143.54     125973956.24         12913.29          9735.80          3367.50            27.16             6.61     125999972.84         30187.29            97.36             1.60             0.32
            10.00          4596.08     125969812.71         14474.17         11344.88          4333.30            34.95             7.79     125999965.05         34783.37           113.45             1.59             0.32
            11.00          5083.21     125965216.63         16175.41         13105.23          5458.71            44.02             9.08     125999955.98         39866.58           131.05             1.57             0.31
            12.00          5605.84     125960133.42         18023.54         15029.79          6758.75            54.51            10.48     125999945.49         45472.42           150.30             1.56             0.31
            13.00          6164.71     125954527.58         20024.68         17131.52          8249.70            66.53            12.02     125999933.47         51637.14           171.32             1.54             0.31
            14.00          6760.39     125948362.86         22184.45         19423.30          9949.15            80.24            13.71     125999919.76         58397.53           194.23             1.52             0.30
            15.00          7393.24     125941602.47         24507.95         21917.86         11875.94            95.77            15.54     125999904.23         65790.77           219.18             1.51             0.30
            16.00          8063.41     125934209.23         26999.60         24627.67         14050.19           113.31            17.53     125999886.69         73854.18           246.28             1.49             0.30
            17.00          8770.82     125926145.82         29663.09         27564.82         16493.26           133.01            19.70     125999866.99         82624.99           275.65             1.48             0.30
            18.00          9515.14     125917375.01         32501.29         30740.96         19227.69           155.06            22.05     125999844.94         92140.14           307.41             1.46             0.29
            19.00         10295.82     125907859.86         35516.17         34167.12         22277.19           179.65            24.59     125999820.35        102435.95           341.67             1.45             0.29
            20.00         11112.01     125897564.05         38708.76         37853.64         25666.57           206.99            27.33     125999793.01        113547.96           378.54             1.44             0.29
            21.00         11962.61     125886452.04         42079.01         41810.03         29421.65           237.27            30.28     125999762.73        125510.57           418.10             1.42             0.28
            22.00         12846.27     125874489.43         45625.82         46044.83         33569.20           270.72            33.45     125999729.28        138356.84           460.45             1.41             0.28
            23.00         13761.34     125861643.16         49346.93         50565.51         38136.85           307.56            36.84     125999692.44        152118.18           505.66             1.39             0.28
            24.00         14705.93     125847881.82         53238.88         55378.34         43152.95           348.01            40.45     125999651.99        166824.11           553.78             1.38             0.28
            25.00         15677.87     125833175.89         57297.04         60488.29         48646.48           392.31            44.30     125999607.69        182501.98           604.88             1.37             0.27
            26.00         16674.74     125817498.02         61515.50         65898.86         54646.92           440.70            48.39     125999559.30        199176.72           658.99             1.36             0.27
            27.00         17693.89     125800823.28         65887.14         71612.08         61184.09           493.42            52.72     125999506.58        216870.61           716.12             1.34             0.27
            28.00         18732.42     125783129.39         70403.60         77628.30         68288.00           550.71            57.29     125999449.29        235603.02           776.28             1.33             0.27
            29.00         19787.23     125764396.98         75055.29         83946.19         75988.73           612.81            62.10     125999387.19        255390.25           839.46             1.32             0.26
            30.00         20855.02     125744609.75         79831.46         90562.63         84316.19           679.97            67.16     125999320.03        276245.27           905.63             1.31             0.26
            31.00         21932.32     125723754.73         84720.19         97472.66         93300.01           752.42            72.45     125999247.58        298177.59           974.73             1.29             0.26
            32.00         23015.50     125701822.41         89708.47        104669.43        102969.29           830.40            77.98     125999169.60        321193.09          1046.69             1.28             0.26
            33.00         24100.81     125678806.91         94782.27        112144.18        113352.50           914.13            83.74     125999085.87        345293.90          1121.44             1.27             0.25
            34.00         25184.40     125654706.10         99926.63        119886.22        124477.20          1003.85            89.72     125998996.15        370478.29          1198.86             1.26             0.25
            35.00         26262.33     125629521.71        105125.70        127882.92        136369.92          1099.76            95.91     125998900.24        396740.62          1278.83             1.25             0.25
            36.00         27330.63     125603259.38        110362.89        136119.77        149055.90          1202.06           102.31     125998797.94        424071.25          1361.20             1.24             0.25
            37.00         28385.31     125575928.75        115620.94        144580.37        162558.98          1310.96           108.90     125998689.04        452456.55          1445.80             1.23             0.25
            38.00         29422.38     125547543.45        120882.06        153246.52        176901.35          1426.62           115.66     125998573.38        481878.93          1532.47             1.22             0.24
            39.00         30437.90     125518121.07        126128.03        162098.28        192103.41          1549.22           122.60     125998450.78        512316.84          1620.98             1.21             0.24
            40.00         31428.01     125487683.16        131340.32        171114.06        208183.56          1678.90           129.68     125998321.10        543744.85          1711.14             1.20             0.24
            41.00         32388.92     125456255.15        136500.27        180270.72        225158.07          1815.79           136.89     125998184.21        576133.76          1802.71             1.19             0.24
            42.00         33316.97     125423866.24        141589.13        189543.70        243040.93          1960.01           144.22     125998039.99        609450.73          1895.44             1.18             0.24
            43.00         34208.66     125390549.27        146588.27        198907.15        261843.66          2111.64           151.63     125997888.36        643659.39          1989.07             1.17             0.23
            44.00         35060.66     125356340.61        151479.28        208334.09        281575.25          2270.77           159.13     125997729.23        678720.06          2083.34             1.16             0.23
            45.00         35869.83     125321279.94        156244.09        217796.54        302241.99          2437.44           166.67     125997562.56        714589.88          2177.97             1.15             0.23
            46.00         36633.24     125285410.12        160865.10        227265.70        323847.41          2611.67           174.24     125997388.33        751223.12          2272.66             1.14             0.23
            47.00         37348.20     125248776.88        165325.32        236712.15        346392.17          2793.49           181.81     125997206.51        788571.32          2367.12             1.13             0.23
            48.00         38012.26     125211428.68        169608.45        246106.00        369874.01          2982.85           189.37     125997017.15        826583.58          2461.06             1.12             0.23
            49.00         38623.24     125173416.42        173699.02        255417.09        394287.73          3179.74           196.88     125996820.26        865206.82          2554.17             1.11             0.22
            50.00         39179.24     125134793.18        177582.45        264615.18        419625.10          3384.07           204.33     125996615.93        904386.05          2646.15             1.10             0.22
            51.00         39678.61     125095613.95        181245.20        273670.16        445874.93          3595.77           211.69     125996404.23        944064.67          2736.70             1.09             0.22
            52.00         40120.02     125055935.33        184674.77        282552.18        473023.01          3814.70           218.94     125996185.30        984184.69          2825.52             1.09             0.22
            53.00         40502.42     125015815.31        187859.84        291231.92        501052.19          4040.74           226.04     125995959.26       1024687.11          2912.32             1.08             0.22
            54.00         40825.04     124975312.89        190790.29        299680.69        529942.39          4273.73           232.99     125995726.27       1065512.15          2996.81             1.07             0.22
            55.00         41087.39     124934487.85        193457.27        307870.68        559670.72          4513.47           239.74     125995486.53       1106599.54          3078.71             1.06             0.21
            56.00         41289.31     124893400.46        195853.21        315775.07        590211.49          4759.77           246.30     125995240.23       1147888.85          3157.75             1.05             0.21
            57.00         41430.86     124852111.15        197971.87        323368.20        621536.38          5012.39           252.62     125994987.61       1189319.71          3233.68             1.05             0.21
            58.00         41512.42     124810680.29        199808.36        330625.76        653614.50          5271.08           258.69     125994728.92       1230832.12          3306.26             1.04             0.21
            59.00         41534.59     124769167.88        201359.11        337524.86        686412.58          5535.59           264.50     125994464.41       1272366.72          3375.25             1.03             0.21
            60.00         41498.26     124727633.28        202621.88        344044.19        719895.04          5805.61           270.02     125994194.39       1313864.98          3440.44             1.02             0.21
            61.00         41404.53     124686135.02        203595.77        350164.15        754024.23          6080.84           275.24     125993919.16       1355269.51          3501.64             1.02             0.21
            62.00         41254.71     124644730.49        204281.14        355866.89        788760.51          6360.97           280.13     125993639.03       1396524.22          3558.67             1.01             0.20
            63.00         41050.36     124603475.78        204679.62        361136.43        824062.51          6645.67           284.69     125993354.33       1437574.58          3611.36             1.00             0.20
            64.00         40793.18     124562425.42        204794.05        365958.71        859887.24          6934.57           288.91     125993065.43       1478367.75          3659.59             1.00             0.20
            65.00         40485.07     124521632.25        204628.42        370321.65        896190.34          7227.34           292.77     125992772.66       1518852.83          3703.22             0.99             0.20
            66.00         40128.10     124481147.17        204187.81        374215.17        932926.25          7523.60           296.26     125992476.40       1558980.92          3742.15             0.98             0.20
            67.00         39724.43     124441019.08        203478.34        377631.21        970048.39          7822.97           299.37     125992177.03       1598705.36          3776.31             0.98             0.20
            68.00         39276.40     124401294.64        202507.11        380563.76       1007509.41          8125.08           302.10     125991874.92       1637981.75          3805.64             0.97             0.20
            69.00         38786.39     124362018.25        201282.08        383008.81       1045261.34          8429.53           304.45     125991570.47       1676768.14          3830.09             0.96             0.20
            70.00         38256.91     124323231.86        199812.06        384964.34       1083255.81          8735.93           306.41     125991264.07       1715025.05          3849.64             0.96             0.19
            71.00         37690.51     124284974.95        198106.55        386430.32       1121444.27          9043.91           307.97     125990956.09       1752715.55          3864.30             0.95             0.19
            72.00         37089.80     124247284.45        196175.75        387408.60       1159778.16          9353.05           309.14     125990646.95       1789805.35          3874.09             0.95             0.19
            73.00         36457.42     124210194.65        194030.39        387902.89       1198209.09          9662.98           309.93     125990337.02       1826262.77          3879.03             0.94             0.19
            74.00         35796.03     124173737.23        191681.74        387918.68       1236689.06          9973.30           310.32     125990026.70       1862058.80          3879.19             0.93             0.19
            75.00         35108.29     124137941.20        189141.42        387463.16       1275170.59         10283.63           310.33     125989716.37       1897167.09          3874.63             0.93             0.19
            76.00         34396.84     124102832.91        186421.43        386545.12       1313606.94         10593.60           309.97     125989406.40       1931563.93          3865.45             0.92             0.19
            77.00         33664.31     124068436.07        183533.98        385174.90       1351952.21         10902.84           309.24     125989097.16       1965228.24          3851.75             0.92             0.19
            78.00         32913.28     124034771.76        180491.49        383364.20       1390161.56         11210.98           308.14     125988789.02       1998141.52          3833.64             0.91             0.19
            79.00         32146.28     124001858.48        177306.47        381126.08       1428191.29         11517.67           306.69     125988482.33       2030287.79          3811.26             0.91             0.18
            80.00         31365.78     123969712.21        173991.45        378474.77       1465999.00         11822.57           304.90     125988177.43       2061653.58          3784.75             0.90             0.18
            81.00         30574.21     123938346.42        170558.95        375425.58       1503543.70         12125.35           302.78     125987874.65       2092227.78          3754.26             0.90             0.18
            82.00         29773.88     123907772.22        167021.36        371994.81       1540785.91         12425.69           300.34     125987574.31       2122001.66          3719.95             0.89             0.18
            83.00         28967.04     123877998.34        163390.97        368199.60       1577687.80         12723.29           297.60     125987276.71       2150968.70          3682.00             0.89             0.18
            84.00         28155.85     123849031.30        159679.81        364057.84       1614213.20         13017.85           294.56     125986982.15       2179124.55          3640.58             0.88             0.18
            85.00         27342.38     123820875.45        155899.70        359588.02       1650327.74         13309.09           291.25     125986690.91       2206466.93          3595.88             0.88             0.18
            86.00         26528.58     123793533.07        152062.14        354809.16       1685998.87         13596.77           287.67     125986403.23       2232995.51          3548.09             0.87             0.18
            87.00         25716.31     123767004.49        148178.29        349740.67       1721195.94         13880.61           283.85     125986119.39       2258711.81          3497.41             0.87             0.18
            88.00         24907.33     123741288.19        144258.94        344402.26       1755890.21         14160.40           279.79     125985839.60       2283619.14          3444.02             0.86             0.18
            89.00         24103.28     123716380.86        140314.48        338813.82       1790054.92         14435.93           275.52     125985564.07       2307722.43          3388.14             0.86             0.17
            90.00         23305.72     123692277.57        136354.87        332995.33       1823665.25         14706.98           271.05     125985293.02       2331028.14          3329.95             0.85             0.17
            91.00         22516.06     123668971.86        132389.61        326966.77       1856698.38         14973.37           266.40     125985026.63       2353544.20          3269.67             0.85             0.17
            92.00         21735.63     123646455.80        128427.75        320748.02       1889133.49         15234.95           261.57     125984765.05       2375279.84          3207.48             0.85             0.17
            93.00         20965.66     123624720.16        124477.83        314358.77       1920951.69         15491.55           256.60     125984508.45       2396245.49          3143.59             0.84             0.17
            94.00         20207.24     123603754.51        120547.92        307818.46       1952136.08         15743.03           251.49     125984256.97       2416452.74          3078.18             0.84             0.17
            95.00         19461.40     123583547.26        116645.58        301146.20       1982671.67         15989.29           246.25     125984010.71       2435914.14          3011.46             0.83             0.17
            96.00         18729.04     123564085.86        112777.87        294360.69       2012545.38         16230.20           240.92     125983769.80       2454643.18          2943.61             0.83             0.17
            97.00         18010.98     123545356.82        108951.34        287480.20       2041745.96         16465.69           235.49     125983534.31       2472654.16          2874.80             0.83             0.17
            98.00         17307.92     123527345.84        105172.05        280522.44       2070263.99         16695.68           229.98     125983304.32       2489962.08          2805.22             0.82             0.17
            99.00         16620.50     123510037.92        101445.56        273504.61       2098091.82         16920.10           224.42     125983079.90       2506582.58          2735.05             0.82             0.17
           100.00         15949.25     123493417.42         97776.95        266443.26       2125223.47         17138.90           218.80     125982861.10       2522531.84          2664.43             0.82             0.17
           101.00         15294.64     123477468.16         94170.81        259354.32       2151654.65         17352.05           213.15     125982647.95       2537826.47          2593.54             0.81             0.17
           102.00         14657.02     123462173.53         90631.29        252253.05       2177382.60         17559.54           207.48     125982440.46       2552483.50          2522.53             0.81             0.17
           103.00         14036.71     123447516.50         87162.05        245154.01       2202406.10         17761.34           201.80     125982238.66       2566520.21          2451.54             0.81             0.16
           104.00         13433.93     123433479.79         83766.35        238071.02       2226725.38         17957.46           196.12     125982042.54       2579954.14          2380.71             0.80             0.16
           105.00         12848.84     123420045.86         80447.01        231017.18       2250342.02         18147.92           190.46     125981852.08       2592802.98          2310.17             0.80             0.16
           106.00         12281.55     123407197.02         77206.45        224004.87       2273258.93         18332.73           184.81     125981667.27       2605084.53          2240.05             0.80             0.16
           107.00         11732.08     123394915.47         74046.71        217045.67       2295480.21         18511.94           179.20     125981488.06       2616816.61          2170.46             0.79             0.16
           108.00         11200.43     123383183.39         70969.45        210150.45       2317011.14         18685.57           173.64     125981314.43       2628017.04          2101.50             0.79             0.16
           109.00         10686.54     123371982.96         67975.99        203329.29       2337858.06         18853.69           168.12     125981146.31       2638703.58          2033.29             0.79             0.16
           110.00         10190.28     123361296.42         65067.33        196591.56       2358028.33         19016.36           162.66     125980983.64       2648893.86          1965.92             0.78             0.16
           111.00          9711.51     123351106.14         62244.14        189945.87       2377530.21         19173.63           157.27     125980826.37       2658605.36          1899.46             0.78             0.16
           112.00          9250.03     123341394.64         59506.82        183400.11       2396372.84         19325.59           151.96     125980674.41       2667855.39          1834.00             0.78             0.16
           113.00          8805.61     123332144.61         56855.48        176961.46       2414566.13         19472.31           146.72     125980527.69       2676661.00          1769.61             0.77             0.16
           114.00          8378.01     123323339.00         54290.00        170636.41       2432120.71         19613.88           141.57     125980386.12       2685039.01          1706.36             0.77             0.16
           115.00          7966.92     123314960.99         51810.00        164430.77       2449047.84         19750.39           136.51     125980249.61       2693005.92          1644.31             0.77             0.16
           116.00          7572.04     123306994.08         49414.92        158349.70       2465359.38         19881.93           131.54     125980118.07       2700577.96          1583.50             0.77             0.16
           117.00          7193.03     123299422.04         47103.97        152397.71       2481067.67         20008.61           126.68     125979991.39       2707770.99          1523.98             0.76             0.16
           118.00          6829.54     123292229.01         44876.21        146578.73       2496185.52         20130.53           121.92     125979869.47       2714600.53          1465.79             0.76             0.16
           119.00          6481.21     123285399.47         42730.51        140896.10       2510726.13         20247.79           117.26     125979752.21       2721081.74          1408.96             0.76             0.15
           120.00          6147.64     123278918.26         40665.62        135352.59       2524703.02         20360.51           112.72     125979639.49       2727229.38          1353.53             0.76             0.15
           121.00          5828.46     123272770.62         38680.14        129950.46       2538130.00         20468.79           108.28     125979531.21       2733057.84          1299.50             0.75             0.15
           122.00          5523.24     123266942.16         36772.56        124691.44       2551021.08         20572.75           103.96     125979427.25       2738581.08          1246.91             0.75             0.15
           123.00          5231.59     123261418.92         34941.29        119576.81       2563390.48         20672.50            99.75     125979327.50       2743812.67          1195.77             0.75             0.15
           124.00          4953.09     123256187.33         33184.62        114607.39       2575252.50         20768.17            95.66     125979231.83       2748765.76          1146.07             0.75             0.15
           125.00          4687.33     123251234.24         31500.79        109783.57       2586621.55         20859.85            91.69     125979140.15       2753453.09          1097.84             0.74             0.15
           126.00          4433.88     123246546.91         29887.96        105105.37       2597512.08         20947.68            87.83     125979052.32       2757886.98          1051.05             0.74             0.15
           127.00          4192.33     123242113.02         28344.25        100572.43       2607938.53         21031.76            84.08     125978968.24       2762079.31          1005.72             0.74             0.15
           128.00          3962.27     123237920.69         26867.74         96184.04       2617915.32         21112.22            80.46     125978887.78       2766041.58           961.84             0.74             0.15
           129.00          3743.27     123233958.42         25456.46         91939.18       2627456.77         21189.17            76.95     125978810.83       2769784.85           919.39             0.74             0.15
           130.00          3534.94     123230215.15         24108.44         87836.55       2636577.14         21262.72            73.55     125978737.28       2773319.79           878.37             0.73             0.15
           131.00          3336.86     123226680.21         22821.69         83874.59       2645290.53         21332.99            70.27     125978667.01       2776656.65           838.75             0.73             0.15
           132.00          3148.64     123223343.35         21594.21         80051.47       2653610.88         21400.09            67.10     125978599.91       2779805.29           800.51             0.73             0.15
           133.00          2969.88     123220194.71         20424.01         76365.16       2661551.99         21464.13            64.04     125978535.87       2782775.17           763.65             0.73             0.15
           134.00          2800.21     123217224.83         19309.09         72813.45       2669127.41         21525.22            61.09     125978474.78       2785575.39           728.13             0.73             0.15
           135.00          2639.25     123214424.61         18247.49         69393.92       2676350.51         21583.47            58.25     125978416.53       2788214.63           693.94             0.72             0.15
           136.00          2486.62     123211785.37         17237.24         66104.03       2683234.38         21638.99            55.52     125978361.01       2790701.25           661.04             0.72             0.15
           137.00          2341.98     123209298.75         16276.41         62941.07       2689791.90         21691.87            52.88     125978308.13       2793043.23           629.41             0.72             0.15
           138.00          2204.96     123206956.77         15363.11         59902.25       2696035.66         21742.22            50.35     125978257.78       2795248.19           599.02             0.72             0.15
           139.00          2075.24     123204751.81         14495.45         56984.64       2701977.96         21790.14            47.92     125978209.86       2797323.44           569.85             0.72             0.15
           140.00          1952.48     123202676.56         13671.60         54185.27       2707630.84         21835.73            45.59     125978164.27       2799275.92           541.85             0.71             0.15
           141.00          1836.37     123200724.08         12889.76         51501.06       2713006.02         21879.08            43.35     125978120.92       2801112.29           515.01             0.71             0.15
           142.00          1726.59     123198887.71         12148.18         48928.91       2718114.92         21920.28            41.20     125978079.72       2802838.88           489.29             0.71             0.15
           143.00          1622.84     123197161.12         11445.13         46465.65       2722968.67         21959.42            39.14     125978040.58       2804461.72           464.66             0.71             0.14
           144.00          1524.85     123195538.28         10778.95         44108.11       2727578.06         21996.60            37.17     125978003.40       2805986.57           441.08             0.71             0.14
           145.00          1432.32     123194013.43         10148.01         41853.09       2731953.59         22031.88            35.29     125977968.12       2807418.88           418.53             0.71             0.14
           146.00          1344.99     123192581.12          9550.72         39697.38       2736105.41         22065.37            33.48     125977934.63       2808763.87           396.97             0.70             0.14
           147.00          1262.60     123191236.13          8985.56         37637.79       2740043.39         22097.12            31.76     125977902.88       2810026.47           376.38             0.70             0.14
           148.00          1184.90     123189973.53          8451.05         35671.12       2743777.06         22127.23            30.11     125977872.77       2811211.37           356.71             0.70             0.14
           149.00          1111.67     123188788.63          7945.74         33794.22       2747315.64         22155.77            28.54     125977844.23       2812323.04           337.94             0.70             0.14
           150.00          1042.65     123187676.96          7468.26         32003.95       2750668.02         22182.81            27.04     125977817.19       2813365.69           320.04             0.70             0.14
           151.00           977.65     123186634.31          7017.26         30297.20       2753842.82         22208.41            25.60     125977791.59       2814343.34           302.97             0.70             0.14
           152.00           916.44     123185656.66          6591.46         28670.94       2756848.30         22232.65            24.24     125977767.35       2815259.79           286.71             0.70             0.14
           153.00           858.84     123184740.21          6189.61         27122.13       2759692.45         22255.58            22.94     125977744.42       2816118.62           271.22             0.69             0.14
           154.00           804.63     123183881.38          5810.53         25647.84       2762382.97         22277.28            21.70     125977722.72       2816923.26           256.48             0.69             0.14
           155.00           753.65     123183076.74          5453.06         24245.16       2764927.24         22297.80            20.52     125977702.20       2817676.91           242.45             0.69             0.14
           156.00           705.72     123182323.09          5116.10         22911.26       2767332.36         22317.20            19.40     125977682.80       2818382.63           229.11             0.69             0.14
           157.00           660.67     123181617.37          4798.60         21643.35       2769605.15         22335.53            18.33     125977664.47       2819043.30           216.43             0.69             0.14
           158.00           618.34     123180956.70          4499.55         20438.74       2771752.17         22352.84            17.31     125977647.16       2819661.63           204.39             0.69             0.14
           159.00           578.57     123180338.37          4217.97         19294.77       2773779.70         22369.19            16.35     125977630.81       2820240.21           192.95             0.69             0.14
           160.00           541.24     123179759.79          3952.95         18208.89       2775693.74         22384.63            15.44     125977615.37       2820781.45           182.09             0.68             0.14
           161.00           506.19     123179218.55          3703.60         17178.59       2777500.06         22399.19            14.57     125977600.81       2821287.64           171.79             0.68             0.14
           162.00           473.31     123178712.36          3469.07         16201.45       2779204.18         22412.94            13.74     125977587.06       2821760.95           162.01             0.68             0.14
           163.00           442.45     123178239.05          3248.57         15275.12       2780811.36         22425.90            12.96     125977574.10       2822203.40           152.75             0.68             0.14
           164.00           413.52     123177796.60          3041.31         14397.32       2782326.65         22438.12            12.22     125977561.88       2822616.92           143.97             0.68             0.14
           165.00           386.39     123177383.08          2846.56         13565.85       2783754.87         22449.64            11.52     125977550.36       2823003.31           135.66             0.68             0.14
           166.00           360.96     123176996.69          2663.64         12778.58       2785100.60         22460.49            10.85     125977539.51       2823364.27           127.79             0.68             0.14
           167.00           337.14     123176635.73          2491.88         12033.45       2786368.23         22470.71            10.22     125977529.29       2823701.41           120.33             0.68             0.14
           168.00           314.82     123176298.59          2330.64         11328.48       2787561.95         22480.34             9.63     125977519.66       2824016.23           113.28             0.68             0.14
           169.00           293.92     123175983.77          2179.33         10661.76       2788685.74         22489.40             9.06     125977510.60       2824310.15           106.62             0.67             0.14
           170.00           274.35     123175689.85          2037.38         10031.45       2789743.39         22497.93             8.53     125977502.07       2824584.50           100.31             0.67             0.14
           171.00           256.03     123175415.50          1904.25          9435.78       2790738.51         22505.96             8.03     125977494.04       2824840.53            94.36             0.67             0.14
           172.00           238.89     123175159.47          1779.43          8873.06       2791674.53         22513.50             7.55     125977486.50       2825079.41            88.73             0.67             0.14
           173.00           222.85     123174920.59          1662.43          8341.64       2792554.74         22520.60             7.10     125977479.40       2825302.26            83.42             0.67             0.14
           174.00           207.85     123174697.74          1552.79          7839.96       2793382.23         22527.28             6.67     125977472.72       2825510.11            78.40             0.67             0.14
           175.00           193.82     123174489.89          1450.08          7366.52       2794159.96         22533.55             6.27     125977466.45       2825703.93            73.67             0.67             0.14
           176.00           180.71     123174296.07          1353.89          6919.89       2794890.72         22539.44             5.89     125977460.56       2825884.64            69.20             0.67             0.14
           177.00           168.45     123174115.36          1263.82          6498.68       2795577.17         22544.98             5.54     125977455.02       2826053.10            64.99             0.67             0.14
           178.00           157.00     123173946.90          1179.51          6101.57       2796221.84         22550.18             5.20     125977449.82       2826210.10            61.02             0.67             0.14
           179.00           146.30     123173789.90          1100.61          5727.32       2796827.11         22555.06             4.88     125977444.94       2826356.40            57.27             0.66             0.14
           180.00           136.31     123173643.60          1026.79          5374.71       2797395.26         22559.64             4.58     125977440.36       2826492.71            53.75             0.66             0.14
           181.00           126.98     123173507.29           957.74          5042.59       2797928.43         22563.94             4.30     125977436.06       2826619.68            50.43             0.66             0.14
           182.00           118.26     123173380.32           893.17          4729.88       2798428.66         22567.97             4.03     125977432.03       2826737.94            47.30             0.66             0.14
           183.00           110.13     123173262.06           832.80          4435.53       2798897.86         22571.76             3.78     125977428.24       2826848.07            44.36             0.66             0.14
           184.00           102.54     123173151.93           776.37          4158.53       2799337.87         22575.31             3.55     125977424.69       2826950.61            41.59             0.66             0.14
           185.00            95.46     123173049.39           723.63          3897.95       2799750.39         22578.63             3.33     125977421.37       2827046.07            38.98             0.66             0.13
           186.00            88.85     123172953.93           674.36          3652.88       2800137.07         22581.75             3.12     125977418.25       2827134.92            36.53             0.66             0.13
           187.00            82.69     123172865.08           628.34          3422.47       2800499.44         22584.67             2.92     125977415.33       2827217.61            34.22             0.66             0.13
           188.00            76.94     123172782.39           585.36          3205.89       2800838.95         22587.41             2.74     125977412.59       2827294.56            32.06             0.66             0.13
           189.00            71.59     123172705.44           545.23          3002.37       2801156.97         22589.98             2.56     125977410.02       2827366.14            30.02             0.66             0.13
           190.00            66.59     123172633.86           507.77          2811.18       2801454.81         22592.38             2.40     125977407.62       2827432.74            28.11             0.66             0.13
           191.00            61.94     123172567.26           472.81          2631.62       2801733.68         22594.63             2.25     125977405.37       2827494.67            26.32             0.66             0.13
           192.00            57.60     123172505.33           440.19          2463.02       2801994.73         22596.73             2.11     125977403.27       2827552.28            24.63             0.65             0.13
           193.00            53.56     123172447.72           409.75          2304.76       2802239.06         22598.70             1.97     125977401.30       2827605.84            23.05             0.65             0.13
           194.00            49.80     123172394.16           381.37          2156.23       2802467.70         22600.55             1.84     125977399.45       2827655.64            21.56             0.65             0.13
           195.00            46.29     123172344.36           354.89          2016.88       2802681.59         22602.27             1.72     125977397.73       2827701.93            20.17             0.65             0.13
           196.00            43.03     123172298.07           330.21          1886.17       2802881.67         22603.88             1.61     125977396.12       2827744.96            18.86             0.65             0.13
           197.00            39.99     123172255.04           307.19          1763.60       2803068.78         22605.39             1.51     125977394.61       2827784.95            17.64             0.65             0.13
           198.00            37.16     123172215.05           285.74          1648.67       2803243.73         22606.80             1.41     125977393.20       2827822.11            16.49             0.65             0.13
           199.00            34.53     123172177.89           265.76          1540.96       2803407.27         22608.12             1.32     125977391.88       2827856.64            15.41             0.65             0.13
